30194
25055
12859
38043
40828
555
13418
48250
9839
25397
30890
22714
8487
16689
57382
42110
5551
51012
34525
55265
33311
53227
26981
44520
64658
63800
17180
43693
62099
12046
63259
57142
43741
19826
20863
39075
38651
55368
9891
6352
54431
29756
57590
27540
34086
8916
28380
17268
51945
24901
38544
46134
28299
23405
7257
54088
9172
39392
49867
8797
29311
50468
17887
46659
6065
27470
47887
24622
24112
33923
65513
37764
52676
33735
65368
14843
49435
40819
12653
60053
46986
53923
17601
30091
28116
51404
26946
46003
60577
58100
33673
37377
44414
54321
37724
61796
55721
58381
35237
3959
36746
16657
24950
51697
24686
19189
9190
41349
30230
56165
55576
19904
61559
43846
55207
52513
21883
20699
29184
8310
3285
56416
60614
7809
58252
11313
58266
7757
44
35906
49367
37031
857
25682
42516
58615
2984
27871
42201
60374
8067
13379
33061
28942
51303
56638
37536
48002
43465
22510
61328
16565
12990
64390
27648
49695
30269
34235
1763
48136
54161
38937
4217
52945
30249
46371
4659
44484
7359
8007
7506
1802
14241
63214
8976
23400
33753
1093
25164
16224
26812
28170
2814
45357
45323
26144
9078
4537
16879
8985
24796
12340
15467
61092
55740
31428
42880
64096
29856
48895
49815
23033
52657
44607
25833
60666
26031
12037
12938
3170
20973
27112
25903
25916
27020
64930
34273
518
47388
33709
20247
49587
6719
1524
58633
822
52730
41992
48382
10802
37391
9716
9959
61627
64225
28689
4561
31763
26004
53929
55331
32115
26796
41712
33027
15871
21329
33576
12002
63003
25376
10903
41988
50117
43743
60616
20475
30725
13725
54877
41075
13952
10177
63378
17010
18234
28640
10722
64130
41163
49225
58099
47605
24191
24411
41412
17856
17223
3990
60068
53839
56319
42275
41942
2255
12552
63695
45662
40766
13434
8169
23823
10927
7967
38273
43616
18066
37527
58584
47300
32031
19147
27587
59094
21990
37996
3442
57170
10832
56933
4135
22591
57840
35499
20849
34971
36325
30797
2492
56276
22695
45424
53104
5285
57288
4943
61006
34796
51392
49158
56574
17995
17743
56835
12739
3732
7889
58494
21963
58358
63506
50883
24967
23942
8261
21581
15621
29130
5628
12368
8695
2262
10337
42110
19219
18063
22683
5101
6917
42057
19992
42847
58857
19866
6304
33959
33706
56521
56930
63037
25744
33754
11106
51478
58424
25589
45048
42306
19227
51926
62027
41660
9572
20487
23615
60731
19704
55802
48607
53748
2106
58493
39288
30557
7374
59037
1449
494
6961
24395
43689
57140
59534
28755
65011
62642
12814
60879
19847
20493
12869
53264
13796
42360
10026
12354
27214
19101
18391
25333
36771
23281
43512
20857
24444
35733
15106
18956
30868
8799
58916
2007
1262
65044
30879
6038
18524
20752
36122
18319
17891
11185
46934
36062
31523
8286
9182
60436
13170
58729
7576
36450
43576
28555
40575
17578
63562
20184
4977
37873
21410
24396
39600
58033
27712
13980
11335
43605
46933
56088
33650
18518
23315
60112
33034
59527
27844
29872
31937
57362
1253
25776
50796
46350
52284
44799
60792
2026
48696
41951
62315
33706
14482
20340
34340
48888
24484
52799
39578
1805
48708
36151
61611
5027
46447
25850
23447
21603
2384
3737
41060
40657
33053
31271
45826
23574
50673
4833
9093
8563
36141
11295
4551
8433
55834
7651
55316
8887
28985
2907
44449
54713
10751
415
5800
29494
54315
29273
9264
63297
52346
8064
48597
16957
21184
46222
10530
24548
50543
39232
45939
48691
63801
32103
4867
43747
29746
22916
7330
9303
57484
59144
11105
28682
19250
26696
25348
2882
58482
47353
13014
39161
31681
21780
16307
42959
12541
20348
27273
46562
6095
64438
63675
52568
65263
1532
12986
59773
41982
9642
28600
6343
9503
48904
38602
34584
45926
14717
62828
9047
17139
12593
38746
8240
14022
58891
8664
17142
35060
29971
55074
4686
34098
19774
4876
57438
2625
39870
48936
17585
902
32229
36970
60500
21494
40688
20504
38344
44349
10842
45861
3680
61907
6994
22663
65283
40337
56339
35494
60595
8318
22385
35596
20542
57397
12593
45137
29183
49232
35711
9354
35468
40380
11974
23445
13431
46956
14645
30349
17159
41999
56264
31895
47546
3381
26606
59352
45613
37475
3134
41815
41357
46472
21606
51670
45645
6326
58759
654
30987
38402
40849
12456
5809
62715
35155
32187
62077
23890
29440
21732
61033
60530
33757
36019
31052
5314
53772
57611
24755
42381
7552
55493
57627
40881
23043
23339
16146
39246
34904
30435
34981
33336
4073
31242
30198
46853
40961
14288
46598
32523
593
4878
25403
46530
21137
57451
997
44081
58932
15597
57736
55941
23547
9452
8284
59753
32873
39717
42926
48328
24452
27211
63570
22814
61641
64626
48831
15559
27347
1357
50760
58472
59278
33704
21959
59496
35387
56834
2192
2311
509
32860
19415
6650
55116
18258
61588
13463
59145
2910
15672
49559
17910
62632
36494
65094
5070
19911
47071
60186
14290
11786
53248
31177
359
24861
38048
54203
60622
20941
32658
64438
18251
37001
2771
39584
40532
49909
65198
49078
37480
63743
60222
18902
29449
56718
9453
11288
56911
23437
50991
12730
26311
46301
6037
22432
34360
40464
7431
61027
59978
61427
61835
57842
14620
32245
30958
39819
16742
34779
48583
17244
51803
10071
24932
13374
25163
2664
4048
63503
39237
49103
26145
21748
27628
31598
14206
20513
14142
28532
8350
39835
42616
36038
43847
11211
34044
16872
30724
54703
48578
59014
52967
28714
29961
19383
61608
219
9701
44013
62268
49361
31440
6313
36458
11421
47678
14752
6829
1136
51640
43142
47513
3407
4977
50255
30580
32884
24790
11334
30789
44644
20643
27798
18908
11746
18831
47848
11216
9530
64803
52387
38949
43864
50422
37160
30287
12795
61676
15405
14230
3314
7887
62644
8932
31128
39506
24809
31077
26650
51080
10628
53111
36781
37312
49293
29776
48483
34314
25337
45354
4102
43646
4460
4639
50535
60753
31909
61343
18325
55121
27807
8989
5567
23784
7666
9658
63018
57758
9238
33759
7017
58865
25232
33902
41080
31229
17933
42073
64853
58659
32989
41186
37098
63292
44842
65297
25787
63605
47642
62933
33644
15413
47133
782
6086
48951
16287
51044
9630
53745
38767
58540
6858
16689
51455
34411
19552
3222
41477
61644
14258
52923
32340
10018
35459
55267
31173
21140
2833
39059
51452
33240
41887
5932
60893
54635
18663
57210
10039
12991
59882
10427
18436
19886
29622
16697
62668
46156
42167
25655
35411
42536
15223
14389
61264
16069
32726
2780
37150
63285
54088
51175
40363
40028
32621
29538
20136
61538
37322
18228
40229
43394
51899
24529
33857
1917
45497
14119
40816
16229
31641
42001
48275
51688
33607
8464
9387
30012
36272
11679
48343
23898
48613
45038
38098
34875
10447
22282
5804
64202
26942
61148
27274
31495
29279
33107
27737
63388
63942
28950
2886
47675
63204
65530
22981
21153
11294
38139
57803
61778
55122
36391
25529
1165
29312
60561
24973
33387
17349
34101
20102
42377
37451
58671
22119
59101
29891
1867
45702
42435
57470
1189
57846
2982
5095
25776
41775
14484
58720
50058
15675
11657
27604
64154
35724
60443
11840
24414
14304
41109
33949
14316
7969
6833
50304
17281
19638
38362
64260
16223
31375
29222
14032
51645
16602
14164
31130
61289
32352
53735
20155
12387
28606
17338
54899
52719
9725
12532
63102
59536
37395
12875
32543
35600
12765
38402
17558
41395
60261
35869
27251
28886
53082
13473
53994
52391
40263
17598
26613
37120
30990
62813
9262
54566
56335
63961
43119
25666
16065
2061
7871
21372
56649
10635
16889
5527
65082
26594
12135
5411
60803
22139
39021
19742
29234
45045
16404
35866
40942
64977
35051
1237
33812
63828
58426
20252
42674
51186
51743
21968
11156
45719
62482
15217
8464
52723
40521
32537
38155
23572
48125
63208
41410
21431
44344
1481
39149
23264
2229
10967
33738
30930
40242
54785
56093
61632
44188
32775
56810
42447
62249
42345
25699
12342
41511
35575
20629
58067
2243
53979
60153
29493
4884
50358
10671
39773
62692
47661
22567
8956
44021
11706
41849
26073
44874
27497
7249
43426
44361
24913
61025
499
43116
24840
40882
33588
53790
32508
10792
50661
27531
63199
56736
10919
20279
62322
34620
47526
6999
51322
22260
19291
55453
38667
51329
33877
10193
9769
42264
44706
30323
3286
62369
60623
64986
16270
35646
6507
48694
53318
21869
58738
50810
28314
28376
57551
1140
10382
24115
26604
28080
20017
60092
14648
36182
16125
44999
55553
40407
26685
25475
35745
11009
42671
55265
42297
48171
53757
45029
13062
3748
45665
8014
55612
18093
48139
4239
12312
38873
56226
51858
58253
17609
35553
18013
40582
25246
26884
47336
32167
31587
58297
22474
7329
6197
24986
50820
18708
35157
19644
28675
26463
13853
5467
22686
2150
24447
25220
43958
14339
62464
29400
44243
18918
1426
41957
28267
55214
15054
30723
59332
36204
42960
18235
57231
14114
19038
11915
38707
1856
50022
37630
34519
58216
52585
8908
15476
11286
3601
57983
37245
18975
21628
33929
51677
56002
51736
518
40573
46818
18865
27686
40225
25440
30326
26089
54085
28310
27470
60780
16366
29887
18297
85
38339
55771
43735
34714
10603
45476
8340
33819
61135
60334
48205
58026
40063
56593
2731
22935
14612
979
45991
5869
16326
8989
184
34150
40400
44281
48168
20078
51924
23048
12834
42698
23265
7759
59795
29314
8958
13933
63298
55418
30384
16142
44697
42837
59875
54714
30100
35047
63209
976
24288
19461
32683
25013
51350
29538
60635
17089
49898
55112
61830
30491
19506
49757
35095
60809
22357
52489
44063
34208
16487
64327
29310
4588
33168
54560
42421
57767
52019
12404
27507
62881
2160
45420
56915
31295
25754
25437
17338
33962
22918
1417
7392
17915
47414
42820
29256
3151
65366
56581
50017
50062
7558
36416
10521
11508
47676
32053
20201
40685
50780
43114
44112
61867
23752
28243
50890
16391
30372
58994
33001
52499
7791
35619
35841
6252
10580
59156
3
24452
14344
55055
59815
18659
4067
8182
44185
21800
43341
59609
62842
26678
21053
34538
60766
24121
51267
1208
38985
30958
53347
63223
62262
48102
37722
49755
25460
33788
65469
11200
22863
16481
38778
38655
4201
2615
59260
46391
15016
10071
12176
56223
18559
18384
11762
20137
54736
23979
1751
14921
5609
28081
34797
18432
48391
62639
40914
18614
52423
2686
32059
15985
28042
6179
60060
60840
58940
56664
49493
2859
13433
48702
17998
50983
31176
30708
15064
39971
26989
33188
36765
56290
8897
18217
33654
22491
42952
19401
45644
35970
17312
46512
42245
46831
64194
47316
20694
63860
57894
13426
27586
51388
13342
54543
12644
57382
65350
28672
25504
14934
63664
64844
3188
11239
36182
24341
48270
64834
43942
61282
42590
19493
35360
37435
61838
2266
51825
52809
15055
21519
772
50167
40041
12277
16436
19040
60832
60556
47486
23119
2893
50454
26433
31638
53805
13527
29576
34059
9591
37977
15496
40213
29719
37404
24648
41289
59855
26631
55737
55387
43974
58118
41218
39997
47674
59617
46628
485
3683
27394
13606
34421
33489
26546
29586
45215
9581
22815
64420
58376
45902
54495
31408
32295
58666
6148
59998
33565
37140
25689
9411
62002
63083
50564
56899
40677
51148
56818
14731
49770
42301
6824
38186
40477
38990
24971
37317
49887
61542
8398
21299
47105
44256
52387
32790
55622
47719
39903
2512
20938
44061
25373
49330
30924
9769
46627
9270
42678
46449
48670
62774
48290
48166
62153
57981
39970
39441
43805
32844
48213
40739
12980
15073
9369
27961
321
5375
13986
42918
2992
53611
4337
63501
19189
61779
47825
4417
19116
41877
65322
35964
55633
28756
27787
26861
14016
65193
10161
37653
45172
5188
47383
21828
18510
30005
48058
59690
6345
39349
4260
8562
22951
37872
54540
3952
19900
10773
54927
12992
17644
27362
6408
37809
13163
47576
8221
55868
65269
15039
40757
30532
46696
5726
22485
17475
53639
1190
15283
34033
35915
10972
33438
50155
8823
34820
35432
34732
39364
54475
14104
9478
40965
6554
58478
55327
62135
45225
59860
46105
16050
53897
20466
50984
245
52891
10356
9361
51526
60075
5948
10920
60359
44223
43935
61765
23282
24638
24876
24533
38445
39872
2449
27066
1498
35038
22479
57489
24655
25942
21762
16177
32186
62566
63518
59735
53080
11319
16028
52165
59212
55153
58336
657
11053
61884
49974
48739
9416
65388
43093
21380
27727
113
63479
7432
54476
59765
18644
59477
34593
57172
65219
25389
16319
44991
10988
21795
36737
3673
22774
61833
5305
1330
21437
63739
55107
53137
16313
12556
49324
41896
50206
16246
52689
47342
11349
63750
5667
40542
5531
23955
50231
17193
45082
58639
23629
48917
15023
65340
63708
18307
62504
37974
13005
27691
42213
1446
21836
35771
63018
49802
34504
12054
34745
21879
30816
1816
39567
20276
10372
2043
61040
41928
55059
42761
31603
39148
36447
9303
19383
48916
27662
62856
62022
41981
42914
62306
15497
36728
47064
25744
6628
43253
43631
56441
31547
14982
44612
64883
59534
2957
46894
61566
36425
27926
17070
47792
25775
34555
35340
36836
59413
52921
50235
59755
3132
63738
13426
45970
7065
51904
26704
26653
49144
38249
60839
57621
39854
47185
8057
44399
40538
43424
40439
13812
32385
61867
9542
6540
8397
50977
13527
1939
58036
48523
33835
44351
46463
65217
3576
16481
11463
45956
40205
45554
24836
2206
20699
48811
42927
347
16708
33590
15992
6761
14444
29953
55671
27696
64750
63403
28871
61403
59953
57774
1207
60406
49671
33169
23191
31461
14569
64461
36212
13623
6156
2522
34611
48459
14858
41242
29816
62703
15883
19649
2169
56840
3452
2722
50978
47720
23020
46783
10059
49876
23788
20452
52417
39706
11965
14312
25668
47722
4682
31185
7141
4725
34441
26755
40282
64507
12640
36052
40646
56865
3422
15852
8531
58233
47630
32471
28224
5681
20273
38453
35231
6762
19420
43261
47125
32181
10528
14129
59374
55328
32996
53219
58310
8741
37268
54166
26753
1527
43153
48160
2907
11807
51229
19926
36656
33700
54843
45076
9777
54421
15599
30072
10461
20016
11614
6223
52858
27680
1102
17379
33594
5314
1429
53117
53516
28621
13527
29362
61739
50368
41599
8203
12979
50536
33455
36458
53371
54495
52023
5794
17360
50648
64061
52036
53135
51385
20296
45834
5499
23263
56520
44130
5401
42114
35607
34268
13335
55052
12798
22940
39577
16913
61895
50541
19359
40223
11278
9737
22714
21620
20019
10600
5505
11871
62445
21398
30189
23383
25137
31186
14236
35716
9237
18274
23185
22387
22059
36163
9833
41345
63288
705
22429
25243
36863
4116
31827
36736
4582
26763
41401
51438
31089
26755
22725
10029
19046
35351
55703
31893
9717
46639
19591
45653
40672
51400
36565
16648
9975
16667
45638
22326
51894
489
19893
290
62863
63693
64497
42916
27320
4852
4094
48772
55052
61691
11615
24397
39839
29667
14262
14999
50391
27446
50233
1413
13760
61897
45224
22923
22711
34762
25695
36256
11624
59952
9065
54018
15579
21359
36565
4013
17345
25400
59956
34147
25791
51544
133
54239
16271
12761
9401
1863
50216
41562
42260
38247
46010
2420
40417
5567
54935
13260
20369
37600
61820
61684
14527
44513
826
865
38179
33889
56921
53045
24699
49907
40012
1659
49825
64515
32429
43629
57237
53823
32487
30813
26543
62041
48614
4692
33151
37190
40456
21734
41279
41954
38875
13854
16269
47903
48913
43321
42971
19047
41448
63755
8438
13722
14232
48324
5447
54953
17718
51066
7692
612
3943
16422
16708
2758
56957
16887
5587
10929
38639
1345
21637
54361
32522
7823
9541
25392
37627
19807
41847
60470
57142
3295
47191
11741
59754
9178
12384
21926
1801
65231
37044
35468
31847
55521
62393
15449
53502
43518
37636
24340
47730
19685
64572
22469
22966
8142
52463
46861
17117
23223
22385
52424
50976
41161
50666
60151
39785
2015
28530
54757
10649
29931
6195
23614
42506
30623
57222
46239
23734
45062
36337
3068
5381
57033
56707
15182
60181
51316
47997
27808
49784
33979
28406
28799
25330
4996
35489
23583
56678
43935
24629
48366
41400
36246
51369
36500
41143
38895
19232
55117
22985
19784
6960
40908
28841
31868
23384
13182
17851
64464
39354
27095
53561
6070
17691
8197
31905
35032
7097
32346
27743
8278
10458
1543
23839
58952
19784
47301
21201
47480
35676
31580
43589
55105
21467
8667
4895
27323
61510
53247
56306
36877
23509
25712
6679
24628
41193
3929
14389
55758
59138
16038
27123
2004
16746
25614
1340
4873
19238
47763
50176
3778
49875
4342
46575
61840
24061
45471
10630
21992
41389
1813
7462
37477
42669
60524
38699
50898
27606
19377
24846
3814
58683
30296
10621
43547
20583
14652
62377
974
18380
26444
650
40194
23709
25905
8383
63385
5144
30860
32119
6574
19810
15140
7615
42991
2783
45947
22397
57731
62897
33591
8635
48567
42357
17123
42294
51094
56692
2001
32182
58058
21387
21557
44558
15608
47523
61895
23384
14070
35093
53631
42418
58035
27873
19124
12718
23777
59352
50551
62184
12136
59051
36750
32164
23437
6265
5092
39990
10860
47846
61005
35642
29084
29952
3020
47423
6178
40630
12523
4998
769
57396
24963
59870
9439
56275
27511
27744
57502
3587
50765
26819
23929
53766
1005
39174
35513
33127
33919
42316
65429
43481
5151
49771
37388
25782
13630
35444
9484
35405
1408
9760
55472
54860
35502
53764
62015
6613
32368
21077
43923
56260
63489
43464
26119
25039
49835
15482
34518
41404
26471
45083
50889
36030
53928
34315
48657
63129
54935
19515
55972
29302
43194
54817
46579
873
16037
63583
15519
33625
26233
19255
34371
51989
14677
6460
2279
57657
56258
10511
38849
618
2041
55549
1897
13420
22179
57661
6967
28438
15373
10993
60914
55363
47607
13280
8028
16770
27525
21273
49491
21573
40764
57402
22622
6688
21696
52209
744
9933
3108
11703
41104
30549
19978
3048
33124
29664
10815
15028
54538
15109
3786
49550
33491
3474
21576
51780
65295
51758
47880
5316
21702
19837
65301
59289
38563
53760
50147
4994
50617
3721
21908
41362
51890
50806
32025
56201
51068
53204
26854
18357
39455
2503
36288
44251
60777
11704
61515
57207
44450
45696
43111
54608
41230
57098
44887
31666
44977
18755
22763
131
23441
60689
26380
37423
48743
60168
31211
50467
16143
53529
48244
44983
24092
14545
61470
12120
48726
64031
55737
42659
29905
41648
13618
48001
60622
46946
58054
26055
4441
16135
17359
50344
45246
9854
13355
17684
28646
50758
51340
57406
57355
26789
13239
59180
19136
22816
41971
15893
37501
62265
50611
45939
30949
26912
14124
44278
56961
17191
65101
15091
24451
34937
17220
37902
39863
1004
54645
16128
13692
4193
27425
25655
1105
44982
20183
29377
21408
10566
15263
12131
56242
28515
37263
2760
4128
20733
219
18975
8851
10703
30915
24483
59778
50263
63453
47010
64380
19362
52423
23189
24746
50202
50528
54950
7311
12948
26583
4490
60664
54520
46000
15816
63692
43193
17040
1049
63560
24074
8229
11725
43291
19388
22973
33935
16220
12936
36061
30880
26249
6092
22724
27332
21653
41832
31269
14711
14930
25956
44203
27951
53565
62418
14763
42052
61257
57594
22068
51971
35124
1970
41144
3759
18793
22190
57619
35101
53134
39729
20671
15787
15538
40366
38321
29912
19596
54993
65350
34018
37605
21413
63772
5632
57491
14145
21631
23564
44135
58011
46438
8008
33145
35674
16924
30634
28075
49661
1057
21810
7084
7183
55420
11080
64730
58926
34335
57037
36465
17268
18254
41930
41926
41685
50329
13270
48084
30380
39876
5558
60483
41799
24759
29101
52118
44051
2407
49879
12046
34637
9658
22741
41238
54965
1384
60202
62110
35036
50690
3402
62882
46876
38837
42269
6840
48810
61938
62563
47311
63422
2602
28652
7114
17962
65099
42831
64093
40949
26704
21031
22052
23613
22478
8687
22837
22854
5118
51718
29483
51092
64928
65168
13336
38888
60745
12979
8892
24519
24579
27375
42793
32153
12741
36402
65507
51053
7667
27196
31635
3605
48348
9034
63176
44105
47008
41657
44345
52081
2621
48211
58181
5247
6007
16401
38106
28876
1568
23429
51235
27573
36835
55740
36940
42281
44476
33116
61880
63198
51133
33868
57407
35669
47456
43231
51516
21520
57106
27920
16150
63441
62
1223
32487
7072
7043
56425
1662
23298
54208
10734
18291
41504
27266
4557
46729
33135
57482
5657
50369
4807
55853
19502
42879
15229
9370
62897
10026
21566
2922
61915
7929
56834
27669
47768
41123
40997
4153
45060
19143
11508
21938
837
64085
14096
7359
41870
64518
336
58776
11627
35977
59772
14411
47026
16487
52160
7100
51225
32557
41292
25187
3619
52
61564
51749
9106
31610
18906
8291
19981
1218
9807
62665
53735
51519
39940
15720
64833
41662
54294
38761
39424
53884
28514
8402
31770
55260
26076
19704
13116
9307
949
51228
62591
39180
44980
64036
24349
19288
52175
46414
58706
49562
59576
33111
23988
6846
41318
30505
20148
65402
5235
47830
57306
62169
8849
12220
55305
58869
26059
47088
45665
9703
4809
23368
37930
15405
34598
59771
26007
32879
56927
38162
8676
8724
7065
35549
29621
15576
64989
63542
2071
54336
65286
37445
10239
60751
37540
165
33179
44
10007
8486
22507
25194
21208
20240
34950
45699
58518
40353
49306
55899
27167
25477
8051
40343
57714
60234
47470
64064
9417
14883
23013
62484
46128
43852
2414
4492
21160
64690
64823
14872
21748
30736
19193
29407
19070
32646
2890
43326
59027
761
48081
59944
32685
65254
55657
51722
44231
57717
42200
47338
18374
55620
10379
134
62781
8875
31697
15948
27972
19691
47098
64371
9764
4450
40415
45801
16477
51738
47290
29673
22399
42239
22779
5967
18537
64126
15696
8570
58736
7686
63666
13825
48687
23563
36814
22388
51814
36955
43073
58980
14631
35440
21701
52569
51350
26270
26564
39092
61363
16798
61338
191
41715
38512
63561
21138
1918
13580
47679
36344
58008
24966
45390
63783
42532
1684
56299
40785
42730
782
21827
6228
4890
64707
56553
12192
64957
1359
47011
20170
5459
47199
34684
5031
25264
21791
40064
38858
10143
17817
33633
38114
41338
30741
17004
28160
15556
57584
6436
64450
5201
6031
31350
56485
9644
30900
56682
24385
29815
22027
48409
48272
61970
19569
2999
45385
56732
6473
2918
50652
41664
54346
46639
12537
13071
9327
9764
43903
4454
18601
35991
6502
30489
12223
2521
53625
31169
52587
55642
45267
28894
29491
49555
54839
31837
50019
28335
24697
26697
60352
20046
2817
60494
39483
37018
62339
23126
23356
38862
9790
30138
4113
30457
8799
20307
4029
16147
33006
32001
9310
30471
30726
30998
53722
51207
5452
15915
35144
34923
25211
41284
4034
45007
38618
47376
42105
39836
54729
12281
19276
53020
7327
36169
26823
24330
46815
1272
330
48363
60486
45002
29151
49152
50608
38257
60223
26270
33688
12391
26551
52424
19126
59894
48918
54573
56675
19427
5210
46354
2898
56556
9827
12292
31711
1660
18508
4434
26734
42980
38313
50804
54768
38292
26021
62968
33311
27991
28552
63636
59049
57403
32207
45137
14464
14527
42534
33237
18493
30774
57313
47554
48803
41300
15138
33440
21181
27073
9278
62465
64080
22046
35631
15951
32023
26976
47140
20976
37296
4728
41505
44601
57886
22411
15537
53623
15821
51559
58716
6549
53068
16151
21535
37216
38076
15377
41355
2309
56144
22230
885
15015
44875
43342
27695
55560
29773
28228
5793
21759
5324
17280
51717
46400
45514
1833
1179
34255
23563
14821
17589
15221
30939
29062
17937
61519
38487
965
47044
10182
31163
31091
49209
1440
2612
4185
13978
19193
38949
57215
38925
42033
18115
61051
54315
13852
7494
53378
51971
6727
47801
35409
34076
24466
53212
29115
58185
54010
8108
53766
45156
21869
60304
5528
29250
46914
21131
65167
36229
51887
43913
698
40403
3426
39048
24054
42048
63876
41323
36278
25341
18546
61990
14896
63018
35333
50566
58924
63044
12203
19387
53713
19182
19190
12594
16548
44756
43695
2352
56539
54193
19656
29814
44986
9910
16827
46903
5074
61809
48735
17026
48930
46123
204
8423
6940
7288
63204
54856
45978
50421
40809
26903
48951
31553
59307
61296
16247
45133
64787
31732
21032
39326
53484
22048
38414
36921
35697
4877
54750
24249
65158
52961
35431
32096
37373
63386
51716
7379
40296
25697
35141
7868
64933
23162
35580
26780
47948
16361
3678
24102
41312
50022
42798
569
50809
64890
57366
33726
64118
14303
24479
29824
9271
3703
31778
38279
32069
39844
18435
11533
58804
12681
53598
23960
25467
37891
38090
5483
11535
51900
31607
48053
21299
53566
57994
39975
35249
48839
61988
24962
5646
48307
26984
32739
8039
56782
24263
29492
24813
57689
2191
61685
48491
19891
52270
60971
16702
53300
30364
15530
60116
4353
55142
45143
12461
15467
10302
50675
64107
39157
2439
53088
41982
28664
35547
49538
53815
44646
2608
47775
30648
29785
50670
38099
22049
20610
47380
41382
7378
8648
54239
3955
30189
32956
27178
54759
63652
48840
19371
65017
50420
841
45471
630
11494
53994
48154
40231
40565
53923
42603
17402
27531
59362
13576
28650
26494
18605
9201
19239
40477
15483
33988
50337
67
18486
6249
13531
27773
31701
34781
1992
9757
36197
12799
17082
25838
14190
35230
43440
16231
8991
61160
41079
57498
13170
46119
19779
6089
56916
3038
11265
18608
39921
15883
12879
32806
21889
32235
15989
5250
14481
21999
29381
41168
1202
38819
32592
34839
11894
56897
42398
6594
48928
41722
63794
30136
62586
65110
471
10037
62105
29719
46264
11018
29195
47774
33998
14691
39579
47067
41096
57099
6126
6436
34780
11581
39508
61478
27557
60332
21683
17809
54540
12120
36978
52315
19834
37794
57544
29193
3199
55636
10327
43588
4622
57990
39177
28694
28950
14910
60105
55996
50986
5721
61224
51315
16958
12515
56469
12890
58235
18918
38636
54686
18763
56514
35485
41103
47782
41060
42163
30177
59392
35124
1034
11177
58916
24577
61123
54764
61502
9537
56640
29357
19995
31424
38114
29936
20577
64337
37892
5684
25949
8104
42097
20019
24888
50215
27506
24246
40071
57515
57350
9490
14461
18858
4250
63025
33816
54154
12880
49608
7947
6276
4062
23006
25303
14210
4331
1234
47109
19969
49295
46088
38588
30874
57482
7061
25100
35818
36701
13087
8081
39758
41178
54226
46087
5095
26402
61837
57922
33491
47593
54826
9020
30669
2381
37936
51381
42897
28633
29603
51694
63225
56086
32951
3657
53996
23288
31243
39292
1397
10530
18740
48181
16637
16516
26451
16823
44444
19038
39672
51857
45487
28708
17546
60484
36517
37162
13385
15183
45623
59653
39578
61512
31678
13172
42660
55505
49267
31757
65328
33950
47190
35237
46608
12239
13154
39586
18127
26369
11425
62607
13340
41850
29727
13043
12593
25062
50173
29597
29501
12416
36994
34376
6847
76
19560
36290
40488
41028
21877
63577
53384
49713
44102
34390
64042
7622
37267
57623
36778
17877
57105
57303
23743
43205
60486
58384
49220
61020
5054
46946
57818
24494
4753
40175
50347
4698
65479
56865
14979
64471
43246
52826
17063
4198
48045
46545
24535
51872
31281
24525
63213
57617
54430
2907
20896
56945
57930
28689
53878
24137
51584
159
65140
42075
3837
34207
30484
42102
56689
3845
65312
23125
25903
15776
21502
63614
2872
51129
22139
38751
51805
26272
31947
44567
14739
43268
56846
1895
24162
24246
44385
46877
23163
23929
40417
4337
15435
31330
17583
61531
62656
33651
46128
6388
26888
15917
44300
58096
57415
20670
12130
10250
28666
18263
14034
16574
56106
58067
29972
23812
64994
35204
42627
19890
1951
13913
59626
21896
11397
53592
25552
26417
58346
5969
58599
51552
40532
43847
22596
42655
17273
35833
36201
10861
8863
43441
51216
54938
5079
34734
61669
39970
6729
9007
55737
62105
38461
21157
17873
61001
41409
40088
3139
42716
38922
57853
15546
55587
40413
52367
54009
38337
37610
53284
56621
39307
56437
47015
6046
60501
24825
44339
43705
31256
49874
48801
37724
50290
3332
63408
24528
64446
34670
20571
18235
20389
38596
22460
5305
6739
50354
47904
55100
1171
5839
20883
36428
15712
6550
57558
43634
7638
50445
30806
9551
8925
28641
29638
24578
33982
30535
17131
64503
53510
5762
5134
1387
43378
59833
36959
14101
32649
26861
22559
29247
60090
36335
47613
61196
61397
42217
8065
19098
57594
61851
19317
184
43055
38043
52202
13500
53366
45896
1601
35758
57348
56151
13549
27419
45272
64178
16951
50652
17907
16380
39775
61699
19173
32957
36107
56643
49978
16828
39992
14791
55345
4312
49521
13805
61313
63782
65068
20529
1193
61089
40189
8019
35219
15225
55106
45388
6389
46040
30710
17206
37101
773
20619
53375
47017
20223
54463
8986
58845
13219
13808
13556
12688
56087
2551
26266
30675
47416
47946
10995
45150
21089
47239
21223
11374
65489
1142
28218
32903
38445
20085
1744
15879
3093
16452
2354
36187
58530
34197
48711
48513
36802
53383
57279
27716
55570
40666
53201
17362
11967
17122
60761
41299
49253
41813
58621
46178
20749
59497
466
60514
27747
2622
60674
2185
42839
6949
64879
27681
18452
48174
56655
62714
10665
59248
8669
48603
12508
55048
10069
59007
57370
7819
56603
25946
56142
403
33648
53866
55360
29531
30549
53306
39046
7105
47089
11671
59904
31929
37622
27354
47209
20920
23694
59686
47937
40069
56491
18741
25839
17439
36239
61471
65294
17536
47578
15553
17222
5376
28110
35646
47121
21796
50914
28456
53879
41329
57449
52315
3773
27976
21620
65174
36139
34679
4749
41323
65276
19566
16141
63524
22021
54110
27572
11702
55658
8476
12893
64182
37008
17922
59243
26615
38821
36699
11043
13398
5505
27403
27969
31153
20740
54163
41447
34
12831
29014
23287
38590
61049
58489
33213
13551
1343
20323
57513
60819
23051
32445
34461
26175
21717
45049
1894
8628
14063
51570
39027
21408
26677
57290
62487
53947
41172
19670
19294
56673
24969
50141
34071
59134
14753
30250
895
49380
12689
14148
29190
62726
861
4071
4113
11916
10288
448
57042
43671
32927
44356
2780
19249
56704
7517
20009
7147
21892
20578
32284
10077
22924
46872
50521
58213
39382
23669
6581
45201
14146
62446
56874
2288
29498
47299
33574
54008
64317
52341
47533
39163
51639
30150
40830
6229
60057
22063
49365
12542
39783
50909
17155
41390
40858
3880
9792
31437
12625
22389
264
37434
33178
39880
21763
60947
6577
9482
53960
39720
21892
49281
20985
13033
21443
48255
34580
27040
39933
51782
34102
40296
26687
51019
55027
2283
45742
21582
55259
43453
40185
13860
16422
36119
56156
25768
4993
6459
21444
50235
58374
31845
16859
52006
57203
23640
20422
33799
34275
49784
37641
51787
4041
25797
10314
13311
65318
131
17030
58028
65469
17981
22947
20045
65412
2275
12273
29835
8411
44664
5875
38702
33199
62466
57957
13954
8749
56314
36992
16473
13944
8524
14655
22063
51327
21793
26884
26919
3612
47749
18021
30556
42225
12440
41389
57607
41478
43528
3200
16019
9447
45639
820
11541
21802
53362
14823
1817
44024
57544
62721
48170
23464
13774
14518
62237
13555
8591
36750
62491
38253
63732
23201
32040
14968
51406
36328
40462
11145
50339
58176
18178
39819
90
41081
15314
40189
1220
62797
60932
41152
1609
36799
4265
21536
30083
34382
14542
22383
43813
36155
26919
26491
32834
6733
5244
54274
32586
53180
7438
58383
52688
48435
3330
53824
62312
46185
14808
53812
20137
62755
34270
345
60192
32481
17212
32284
17028
776
40025
44256
63028
35741
45308
39946
64246
35687
2158
40333
21569
12145
58961
5482
63717
28673
3933
32350
60191
14058
34233
7748
49925
11864
57927
60844
24820
61084
54895
50208
61228
35432
20366
20851
57434
22983
45880
38382
51795
20273
18393
63451
14298
45670
31112
37375
63872
56323
27655
62650
23125
46290
17419
33189
43681
19576
37458
22232
63078
28056
36086
56585
45035
1173
5567
37142
59492
23616
41136
17756
19873
42012
40703
45471
60305
11920
56261
30974
44114
52455
21823
21405
40786
31354
21035
16397
41254
1230
54667
10040
40338
11717
26479
56676
17090
47945
22944
13183
18284
31824
61053
51739
5981
18662
6581
28637
53973
59129
48460
20356
56269
41756
18087
63083
15184
1183
293
46225
52596
19919
61945
44117
59124
58234
62773
25123
29144
21963
20911
35561
9933
32439
6945
26429
23584
23877
722
14264
16895
40660
35165
1466
64746
8901
21828
42782
55109
14897
10888
29447
34882
1746
11427
52398
6328
7812
35147
59866
27175
64252
62408
11906
594
25517
65140
30023
4141
18554
58345
37251
54153
60598
30374
6003
52400
27778
64031
34636
17442
35671
39018
13291
8135
32544
43614
63406
30496
46469
13858
22755
47834
16020
2723
614
30691
43735
26230
41436
7213
10444
24510
47615
20356
44550
33252
53968
25758
47922
28904
23760
25603
48586
53505
57039
4294
22335
52755
15587
20379
11264
47910
50715
58262
41254
61935
32954
7128
9349
34823
20517
4682
52572
13663
51362
19938
1810
34769
52809
60159
6942
56172
7735
33771
65519
9470
33363
29974
40818
13941
28192
39524
33821
64268
51156
44385
48828
40180
17125
28480
41837
14281
39673
29031
3368
33354
58306
30579
31507
32654
27249
21129
59047
39115
49953
40023
4060
35629
47256
21079
23686
43368
42251
19205
13523
12465
12792
65042
11154
15536
8652
9022
63114
47864
51778
53481
33995
17538
37791
20342
6931
8613
794
36511
51852
2078
40427
26596
6604
29568
2056
47691
36512
56989
14949
183
44534
913
16702
643
1824
4929
2953
64426
38347
61937
16717
8759
63217
9079
59891
7744
58481
27434
10221
22262
64732
11262
25941
1991
55400
60671
14614
57244
65478
13223
58268
29883
40458
12325
54436
37930
54469
40848
24301
99
63735
12075
34796
13606
7501
61324
5448
40969
30310
48048
59541
31927
4269
24069
60755
46555
48717
30036
39998
56106
27963
22935
21851
37739
54845
47629
6100
55178
63065
37518
9983
6878
47602
16719
28128
16117
60704
23153
39325
19828
53235
19910
27586
53529
8555
28871
30665
4544
38504
876
24117
24667
36789
35609
27901
30292
13765
11721
51472
58160
34612
22274
35613
32645
43079
36890
10426
39515
21948
58542
62104
64943
61226
28456
11510
6718
62453
65408
8663
32184
64070
48590
1667
33604
37413
6934
22322
42956
15503
58519
33802
59877
53566
28208
40878
59799
27062
53756
16041
57324
26234
50507
59249
28327
36586
47215
15374
44113
3378
6703
36315
26723
46389
7465
22320
28106
23271
4222
38371
17573
40532
6221
32364
18021
26297
12585
22755
18597
41833
41461
63320
10995
23614
4841
25647
59543
2565
47302
46891
48855
56761
19254
13971
44374
41487
34980
16090
31289
566
4125
57822
43582
5117
4196
29029
63791
32499
25789
29982
6381
19053
57421
35573
49798
41901
37323
65206
17142
48073
57571
22899
48260
58038
17204
59190
31618
34671
40330
21637
24506
61563
22171
25206
5938
56955
42430
38097
35362
27365
13467
54025
5866
62157
40883
40939
23829
7051
38113
45113
46526
13964
13417
47203
37965
60072
13648
34725
11618
47993
7724
23932
17025
15758
50575
26177
44297
28971
58381
60248
27006
43272
14852
62885
442
23598
17747
10102
8639
64615
64499
39091
47536
11976
50559
49121
12160
1256
53448
17986
54446
54426
46372
62250
41333
46377
48363
30748
52341
2987
55419
24894
12154
37752
1388
49307
55812
26245
40563
36215
33730
10640
7957
43416
13504
57847
56960
41579
14867
47893
31055
24959
63703
16213
59270
65485
437
33661
17946
24802
36977
55265
39091
39199
56982
20367
50153
6214
62097
16200
49828
28501
34582
17922
11257
37310
41295
29513
42745
3567
5311
20232
20058
26379
50022
26866
63373
12177
809
38945
32982
33570
24184
29253
42295
50384
51829
52216
34283
47814
52868
12042
36011
22619
42248
65026
36604
10090
37422
60801
24077
19875
44197
38885
8628
10410
40928
25857
60100
39178
30603
24886
65222
8351
51782
13227
44717
9478
13979
48508
24380
19585
61566
2496
23262
33543
22447
4598
4500
53040
27993
45077
31198
20869
52515
33878
27584
62059
33701
47930
30665
31850
32790
27751
42341
50802
28334
65217
45388
15952
31563
26476
16898
1920
31063
14797
41190
14503
47116
13411
61760
56030
61615
51219
4481
37699
35110
48971
4901
14892
33062
42678
5451
13858
50238
31079
8472
41839
44046
22491
28219
44671
47871
28351
59950
54586
51261
28284
54274
54325
13549
41025
44070
52334
42781
4190
11937
45845
33608
24555
61450
11140
52015
2189
7668
23981
62656
40056
46173
38152
29611
26076
30938
54738
18278
6453
64093
47600
5198
19105
8052
13434
55796
32925
56181
51240
15954
40529
44616
50114
63838
15282
52781
53806
19838
35027
58899
41700
63893
61643
17690
57708
43470
25690
48309
38354
59478
44762
5230
14013
45932
39907
49366
43704
21569
25287
36936
36003
53099
52475
51473
61972
12347
54544
34914
54274
54403
49791
24399
31108
38370
6738
56739
19231
35171
50906
48047
10591
63526
40640
34674
44733
2110
24807
54787
42901
23867
28490
35430
50008
14095
56364
62910
37055
11403
63624
10581
3718
16604
24361
39566
10686
19795
30404
24542
27745
34468
14374
61841
44293
48085
24924
50458
21612
44472
12679
25020
10794
12547
29995
30207
7656
62627
4238
13239
49449
18893
27319
14256
60074
6139
37623
21531
4907
33702
16481
40037
20180
26569
64917
37784
57361
39835
27507
31768
13875
8454
8095
12820
54895
63745
34853
27711
25712
47392
57960
21228
61886
42265
32912
65496
33410
53284
48025
23622
15007
24166
63032
27267
49244
29096
59649
56477
64702
41180
14333
5660
26878
7248
13519
60463
29114
16392
61005
62589
31911
54001
57922
24835
20097
23692
39600
13504
6971
60420
3831
19625
54818
64825
5298
42023
45889
12168
5817
39282
49802
27273
51500
46837
46348
26869
2511
25945
5711
44290
28655
8243
54158
714
10308
9508
3976
3170
32497
18981
55638
33609
39019
31303
53575
44075
63878
20420
36972
47609
35039
63817
47935
8459
21193
8383
36886
23778
3232
53204
1878
25176
17083
10535
60655
59260
31125
49670
8522
48960
54735
44015
34280
31335
44282
54517
16772
16206
19624
10825
54172
47348
26780
11403
63854
43835
19963
40252
46934
10694
18520
27200
41202
46321
22844
26805
40842
46336
13877
40853
61399
27325
1465
42011
51170
54199
28588
51083
3906
39309
62030
39067
22278
13264
45075
35377
38535
18384
28012
41082
3925
7890
35327
39560
65085
57929
5105
6426
5297
52880
51117
32296
26123
55653
24431
54322
55604
26295
42859
12892
49962
9551
53208
18085
57104
9573
425
40860
43210
17571
29798
60935
13527
62721
35075
6272
63828
17932
29686
14999
64397
57871
4559
33045
32028
55150
12663
27569
20579
39235
37540
37165
45226
60072
40213
52080
43034
60372
33040
63611
29532
1087
17550
53965
54237
58346
47269
33048
31759
22973
30985
53859
15119
31984
33807
4243
50321
65480
23808
40482
61894
32947
10494
38777
13703
25863
38456
44011
14022
52677
53795
34648
23082
406
28044
56692
27655
42271
38927
48500
17747
19932
52781
9823
18198
12521
17071
2780
54428
37223
9106
40699
39334
20698
45960
55677
41691
44908
62128
2842
56751
22564
43235
60192
15791
28986
41898
49473
16676
30648
1010
48747
3032
33462
6850
42542
63083
54537
12952
5221
47408
63984
814
23404
59611
24485
42206
38252
45619
41009
417
53367
1634
2503
42834
105
12113
19542
32113
54904
18446
38462
40777
43733
33902
50489
36898
29660
30656
52051
63953
36116
26458
48050
26336
17031
28842
20889
50563
41242
1507
35125
20668
48714
54342
17638
43201
43219
22165
59916
24146
4108
21434
28976
7637
35533
2095
4101
65499
24063
2521
32955
44733
35192
58990
15876
14915
29732
7397
57278
48207
19394
24335
26890
60523
4472
969
62233
33688
52765
25299
52905
53842
62709
31250
32822
60386
19062
18243
31012
44629
64497
52068
18867
44670
39269
3964
19382
49106
27063
65520
19175
6464
55610
52948
9119
58264
3812
29711
11390
42620
43232
10439
36505
25567
54168
39860
55461
10223
35726
28518
64600
8100
53430
20355
39618
56129
41835
57498
61539
16270
3012
513
19013
36831
46892
47178
17392
32900
42441
518
3401
4671
28751
3880
46310
61723
284
4301
2997
6981
36390
63719
39205
43082
55705
19130
56004
56465
29661
12201
15533
60000
10417
19798
32798
1936
26712
41082
27275
5787
2688
54949
59906
31640
45406
42249
17227
16850
30549
19904
30772
46364
28846
37895
35611
55180
23984
57849
13998
13099
45296
15991
36225
10103
22919
38020
42969
46178
3643
13975
24719
63910
65382
59605
63210
54797
38560
18435
33298
54874
38388
20160
42226
9655
42815
17308
21103
11650
20955
9810
12880
22609
59998
24708
32195
49403
16385
22992
63039
57824
938
19511
17933
9933
39550
37364
34197
10198
56250
22592
25159
41709
28561
62680
39839
24758
692
34519
13786
6505
59805
23390
59359
60023
14392
38097
33702
2109
12313
36346
39920
49462
24786
2370
30977
21782
19474
53358
61866
58448
32516
43882
13064
44235
23264
3822
5688
16713
9169
17306
45199
46227
44844
12894
55661
44900
43182
18684
16702
50556
27434
65244
48403
64584
41975
43761
1772
23101
37646
21613
35459
54598
59879
33978
10531
18068
33733
44590
21060
17435
15025
19067
47536
50667
10639
45812
13209
31434
21200
42620
55486
60534
38442
52575
6785
26726
23506
41416
30423
47861
9619
16338
12808
53561
52889
8275
21508
47257
26578
11360
52025
39693
35189
10800
51102
9286
27590
50269
59324
128
7239
27618
7417
31233
23254
7493
32608
38912
42464
47073
28164
36139
29142
17125
18027
12667
22163
48286
64864
45047
56685
10845
729
13881
23619
10874
7251
21484
46822
46310
60377
34549
62909
39467
40171
5731
10870
19965
64845
43696
18982
30235
29642
6356
54493
37813
47053
22965
6218
12179
51751
44055
20469
34299
60172
17148
43216
17882
42273
46432
44877
39301
8704
42578
65077
50052
53739
40695
23845
34116
34221
52692
27696
37030
54771
35308
58959
9641
147
44778
47925
36012
35946
56935
58193
38569
1572
55243
34034
38207
32779
5367
30292
46933
16587
43969
55060
62035
23230
15261
15833
25802
44803
28244
53121
51622
54912
9011
47541
9394
58440
18251
43090
13571
38547
41748
21971
21978
47025
42513
58363
33330
56549
45268
60521
35856
9143
40693
41524
19868
54545
52817
56475
33885
32952
40682
57334
53746
5181
6579
15893
41998
64543
51749
194
47395
8866
59761
26327
57821
20405
39793
22247
41538
15988
33964
32692
9185
34798
55345
37331
36550
50588
14213
9157
64252
35711
9011
30998
27252
36550
15779
400
62264
8755
28016
31738
53716
62346
24219
31887
38012
15624
16345
30400
61382
62519
37756
28007
38242
45375
31417
10994
62422
12727
24189
22366
15032
39053
54242
22155
28451
42981
17689
26488
33871
12731
56778
36618
33411
38971
34754
5562
13253
22543
58150
5161
21658
937
4802
60952
54600
21082
51988
8263
36339
62919
31387
5082
20649
30028
61556
24807
39725
8423
24690
13670
45985
12844
64721
317
7503
33906
41753
41584
54112
40509
682
56530
62076
29247
29458
2232
54145
24568
45678
40118
19844
6879
29114
6089
40084
54472
13813
42717
30790
31868
31820
9696
16166
49076
34506
39198
8375
38200
49198
43690
24461
59331
49582
30885
6272
4415
61329
53326
5222
58039
58077
1260
40831
38558
10444
47536
40885
25063
62321
57745
14807
47520
58052
7477
2254
34603
40913
38724
49930
9131
9393
55714
24976
7046
13500
56258
59421
7819
42640
11584
52687
16981
18882
44844
62424
4613
38800
38888
21451
22247
44740
16793
28357
7310
62805
7114
60636
15013
35633
40226
33324
62957
25090
26668
46339
831
28683
43438
55119
13748
19863
43098
50519
48043
55688
29360
18564
22078
6862
62723
7439
9059
62229
61817
57150
19990
49198
64740
37003
28368
32580
56182
34213
61005
5244
44949
36711
42655
27375
32807
51264
55600
62218
64457
7511
19713
52809
17763
5251
20083
42334
33164
48542
64344
6355
52204
19667
14508
41260
28829
42542
4550
5742
59570
30088
65249
59081
9139
55985
25168
18913
35459
63287
18842
18146
63580
36882
42554
5341
20702
35362
42052
27346
11578
15963
2547
49639
39678
52982
56195
55649
46940
9972
17021
10512
18058
30963
24078
29637
48006
13674
15460
45005
35321
14649
47541
34143
53791
53130
2945
23951
43551
30812
803
48165
34933
51913
38118
35855
27245
35356
31068
31767
33572
59358
15186
43078
55598
17103
20602
2730
64521
6251
25362
46909
43737
57028
1084
57800
29727
12378
17719
16171
31840
35442
22715
167
50490
3461
1571
27263
50920
52403
33870
56130
10008
3880
10996
17586
12533
41435
32343
47458
12674
5231
60032
29311
56909
5445
11276
58925
32881
37896
5376
25325
51728
62359
57836
40
62246
15138
21119
4636
22389
65500
54414
10818
43965
14653
52125
41670
26919
47079
2980
39000
52226
50869
62363
64236
1739
42169
44350
29493
55701
1521
4423
37773
20284
52898
26598
25954
53084
34363
44212
16105
61425
34473
2790
22126
65375
40255
47762
57355
54147
35884
11577
17160
29663
26231
50577
4544
55813
40674
47463
3465
13581
36392
1357
17483
16378
3519
3127
13112
17787
6564
2878
5740
30900
50121
49475
5078
63658
3261
35306
6819
15456
27474
35292
45529
17894
26506
917
2188
43048
20436
30447
23768
28450
44935
48156
29397
16835
55993
14920
23151
34976
27780
26462
5354
39937
47922
63154
1949
49145
21576
46909
36361
62061
27481
40029
20184
61533
1410
61804
31870
3939
25325
19854
62243
42223
24798
65242
40537
41425
44646
18511
5763
44860
56932
14684
59570
54776
51862
12479
39255
32810
7722
46024
2404
59644
11977
48244
49638
1468
11830
52633
51359
10377
62984
55581
12924
19484
58139
50354
61737
47319
44418
1528
21396
28557
24652
17377
44839
16904
24438
54748
56366
27045
47934
32758
15467
65126
51133
50159
10415
50096
27702
59294
43226
33145
9464
9953
31363
24402
9402
17978
26710
2933
60094
10320
23994
27591
3693
34722
103
53875
41870
11733
21286
60934
4674
59728
59246
9489
25461
27841
16303
60312
4788
47008
35617
19538
41880
20497
35239
14060
50734
4379
10073
38100
29431
24743
46371
3631
1409
51699
27987
58555
12911
51796
53029
3770
9601
56610
51081
50650
33506
53400
23357
42871
42983
13852
50397
38610
25381
57582
49384
13357
6929
18211
11106
59367
11159
1761
58606
51630
36272
28312
12521
45945
55339
62955
19347
18190
45375
21140
25697
18649
25549
17453
45547
20705
7106
12401
44228
39942
12005
31528
64280
33584
48095
28165
16210
31387
60863
7083
34471
55144
56830
50521
45236
61970
61648
28123
52230
4471
41070
43901
55991
57097
55570
7401
54248
59955
29218
45353
65477
4122
21362
51801
25751
8573
23553
55761
40624
28054
51973
34573
52685
54110
59905
21090
37244
34091
34578
10965
3857
30062
39620
55691
16279
52366
1202
40278
749
53388
23047
51158
11751
16339
10431
51206
15744
42439
7650
39027
36661
18881
56252
14423
64552
25357
60230
25628
46140
43783
8642
60431
22564
60074
3518
26049
645
46368
59869
12787
54710
23171
15648
61589
23102
37276
29882
36126
30033
44643
60402
39345
4980
10841
53452
6454
47548
60429
64889
58134
56075
40330
43893
56833
41280
39755
60995
23119
7868
25754
51133
25149
31475
28536
20753
9209
633
49670
29126
22044
63352
42516
7605
21482
13161
26672
30969
14572
37491
22411
51287
42257
18524
59654
24863
30932
13537
21216
40236
4372
64648
38293
42962
47946
62101
38034
40733
14706
9656
29936
55816
32699
29141
17037
30136
7929
41350
18179
55090
29827
36961
61424
33526
38878
36255
31336
13680
53502
32750
29567
49323
60694
6317
34870
16205
56306
50244
64452
19798
44465
46684
19400
51761
39237
5566
15915
64497
59932
62862
18790
57839
22260
13494
23054
21029
22231
53580
33885
19503
40430
46246
50354
6930
13820
48136
43053
39814
59300
41903
34152
48647
12907
57574
30581
15042
6579
48821
18646
20451
19619
15538
21415
39810
10373
40421
22384
22298
41051
21159
5481
16461
33013
19438
26270
13032
15648
11624
34360
51097
27966
6670
33128
42992
21187
35962
49985
51766
44271
34344
30273
23653
59840
7600
38593
36197
63775
16846
47936
23661
10517
10497
6829
25810
21795
9041
885
38116
4517
48544
38978
29185
11160
32101
15728
39697
11000
10087
58816
22062
63054
58264
56709
51172
32905
41971
51371
46750
25548
3396
31174
32172
59341
55552
13047
688
40388
58744
60071
48890
32738
56668
38621
28305
28059
43693
19546
62191
50716
13647
15366
54645
53013
35973
55182
7810
22419
32678
13448
8824
60040
62218
6961
24402
47531
42438
46721
15570
57344
21870
28840
6399
60429
20612
17250
29441
5859
34400
19448
61773
53607
49700
62548
2901
32252
61231
17315
22573
3065
63651
29521
36853
24350
31822
10276
50620
20507
36665
65007
10350
61740
17304
46003
45829
24613
60469
24573
65133
61292
42229
62022
56380
48413
35703
10255
41203
49765
13597
28237
51362
8129
26221
20188
58173
49440
5302
50202
5480
34210
35094
49782
57521
32220
2657
12864
43831
59622
18429
23288
31013
8614
10284
7674
50978
13570
20843
53720
44816
35011
61376
33258
1650
7251
58247
48285
2681
23943
44600
44226
62988
15954
43709
6620
21872
10295
3162
56307
2969
58774
33325
56807
49156
58102
50929
1021
23423
40410
64821
56977
37008
5206
32000
25284
4238
59185
48145
14171
2547
52794
61901
11953
6854
39054
60646
63182
35932
55497
16698
19960
53878
23739
23413
42484
32459
16087
41330
56982
42573
9982
50329
22572
11996
51228
26783
35208
60328
40668
41980
35404
21895
33224
9611
54066
6126
46842
7315
34505
29960
16004
9359
49556
63237
4511
44037
42157
33187
16443
16338
11714
10587
36445
29547
15237
1336
24910
28043
46474
22964
1431
48150
17274
35422
62825
10187
30398
28330
37575
59434
44621
35931
12093
34526
47067
40712
48623
53906
46574
26613
28370
28967
60694
6357
10554
13031
60255
45864
59374
64188
4067
42875
6932
36314
63054
4332
44118
28232
42597
13374
63647
50205
9021
39241
60659
21421
58405
45449
59646
53321
29324
22844
52373
59170
14058
34533
49993
41337
49270
64042
1496
41523
54618
46156
33630
21222
61681
46532
21885
53030
53783
18176
1086
63234
1333
15580
30901
50956
60034
3154
27674
4611
36475
15199
7480
53324
9329
55140
1439
65454
31024
25382
65104
25273
926
15822
16850
44294
13485
24442
39034
63219
41911
26339
58524
24079
46777
14668
38974
25978
59114
45598
62336
46606
61701
24031
59174
36258
24175
39225
46863
8224
30366
41861
64845
35377
36728
27614
57319
15334
16746
63862
29796
4782
63088
11442
65532
47965
62873
48881
2412
11980
39565
2952
723
51353
4602
29716
10927
17195
31240
36743
6491
27468
17531
57831
1361
55407
43886
59139
27656
61928
44708
22854
29892
35036
17832
20421
28941
36104
41654
38376
7339
47354
53109
44623
46847
65254
46411
40198
9417
39803
42077
3736
27176
5882
8294
37165
62115
18713
34306
32697
13424
56214
36221
4183
36921
26890
20859
768
2972
13938
35293
5227
52686
51970
18768
11236
25193
143
10457
254
56847
49296
9197
32708
20796
48370
12355
5984
48479
4129
6590
26907
45972
2713
33648
38168
22952
662
23568
40610
52525
35062
45823
33324
54371
56206
12689
64991
23596
20194
57600
24806
62014
31424
17469
57655
63243
38399
52308
32872
57978
8844
15631
46673
4380
2553
1703
61723
62048
30896
44416
11354
35690
16664
40580
55962
1260
53064
11995
14149
14976
45873
57074
665
8064
62472
61797
53753
26934
24957
64283
16397
32194
22065
15865
59576
7643
9543
45698
53818
56709
34693
21977
22028
28791
49984
40363
14360
60201
1919
47622
65389
6682
24602
6555
59267
30207
36349
59742
31333
64459
56568
5750
33670
2047
64013
12138
38624
48815
65013
45677
33115
14029
47878
34898
38122
846
28901
23687
12655
15333
35434
40034
60380
55441
35627
59919
51403
17434
20673
48452
32656
5139
51816
11526
1814
55933
36954
41954
25342
59805
5864
11098
63149
45605
61871
28347
61052
57234
33189
31227
29279
18935
46520
29689
53291
24891
28372
8586
59190
17688
48572
45815
27736
26251
55447
14750
32439
19541
62015
6545
29328
16435
43388
32623
41772
35247
28372
11375
34493
40671
43025
49085
2154
15956
15866
55511
41017
59286
26562
34309
39595
29469
60520
48167
27912
24267
42746
43767
60659
53682
28152
11537
20713
28946
26284
58930
23204
11248
24197
60669
44982
23709
10841
18427
58412
37740
45896
39732
26573
12940
23518
60696
25610
42417
29715
5603
15670
31752
17171
2022
29549
32418
3426
26560
38741
4027
1152
53320
57330
35863
15284
65419
18920
1449
19059
6880
26244
30952
56320
52220
4659
13342
32342
26705
42057
20544
48445
14633
31557
56811
63834
17100
54384
6409
28445
33365
55870
35272
55044
23073
34344
53211
59691
19799
25832
387
33132
50620
45002
58323
46031
25498
60871
30647
58972
27301
22032
4254
24996
61276
57143
11684
51937
43878
37574
62257
48838
43922
5298
18252
43179
61081
3600
46329
12655
65456
15700
46425
34710
27589
63355
32815
3905
41757
24459
46188
60651
26857
56233
19304
63210
37432
45953
11688
12540
26231
56333
14771
9111
61225
60783
49643
16364
20214
29392
13144
2360
10430
53730
61033
3395
1690
20309
18124
35214
49050
8769
40406
58012
46807
58501
15762
63249
19982
11908
41015
41463
17063
48629
908
54577
64171
27148
1411
9331
50193
25809
23444
38743
13429
19288
4209
64894
48040
53062
39749
3999
61187
17378
23584
17320
33879
39474
15185
38390
7774
8526
54005
55105
50567
43017
53338
31141
6409
14969
27119
4098
23626
6041
18468
30017
53347
53460
319
1138
23426
45835
38660
21034
23181
36182
13757
61141
7459
56070
31719
22520
39731
33614
54150
45466
24792
15423
64779
9106
4246
59514
5843
37766
37922
49117
14879
4494
33142
32018
62520
9784
29449
41339
48334
25592
10625
24820
49654
37591
47233
15616
25028
58107
33049
17259
25672
909
60190
4784
946
49958
9095
35504
8199
36796
23969
15426
30727
54006
34882
36369
1845
59560
60197
38647
15325
40791
57771
36596
13050
45710
32038
8754
17296
13511
50128
46749
5051
12362
22771
57288
60228
34970
23571
53331
24830
37036
5158
1500
27479
18499
52637
3939
45403
59724
46992
1452
5420
4832
3646
40826
44846
51421
44827
61424
20450
48440
22529
31076
5145
13278
19522
64442
10629
21295
40760
65405
10798
42743
38618
58923
49408
10358
56159
19787
33840
61114
13772
40569
57727
39475
29031
45615
39710
6148
5144
43573
41582
56532
60339
11806
32236
4025
35367
62383
43208
28824
8256
41250
39371
42360
27928
4695
11810
46053
31945
26582
56431
58700
50895
29985
63976
63847
428
47211
15772
44684
62759
10070
54661
15963
36432
36012
61938
26469
15481
57759
37966
63281
45216
22490
15224
28940
17358
32340
15635
7496
16921
50623
45624
33939
47918
30926
14669
39062
14621
54449
12273
49048
59674
54385
32804
52673
37186
1332
43067
63408
61925
1287
6029
22224
1968
30777
9245
49492
37226
29728
23525
7304
40648
23111
12013
14756
8321
55921
41866
26983
8064
20768
53483
55713
2449
41929
10654
5501
41219
53968
55598
63297
24616
60722
62525
49807
30918
2495
39984
62027
62352
27211
27930
8804
37685
9850
12669
8219
33118
11521
56597
20848
33621
15610
14308
3424
44223
2399
41366
13013
58348
9158
34048
45156
24353
61141
27368
24447
12644
34530
41599
20642
37735
21983
42954
19502
36626
25465
33359
20052
32360
8201
11726
27310
31717
52031
32491
31252
19817
25181
18585
29007
63983
42203
60155
24705
46441
22968
38499
54922
2591
53522
15129
8563
39171
7040
50487
43711
20965
8122
26129
56698
32709
34040
34301
40499
40835
31228
52180
40677
36316
16922
54793
30789
5229
53784
54112
59438
25910
18522
5704
133
35966
60337
35629
3353
6490
62806
62990
6447
31400
33563
42615
7956
29507
59604
12837
13075
21714
34459
48
36195
8391
21595
63652
32734
25176
63485
57245
22963
11113
33416
24130
36082
30713
62336
5638
22352
35840
4862
3708
14526
42452
31147
38353
46337
39987
10484
31298
39426
32721
29024
37162
41607
20561
47978
42682
9197
63607
19529
23819
12205
37624
61569
2115
42724
34678
41593
49630
44665
38023
21355
34783
38211
2057
45621
35481
43945
48800
54899
40968
36899
11072
7609
48703
47724
43978
30735
43480
4575
54424
29189
60248
34343
30728
57109
978
37460
60376
23315
28057
35154
26882
16962
38717
6647
24055
26626
18195
47905
36569
64819
43570
27268
532
18473
65486
54300
440
21046
17002
15926
27125
36702
63879
11771
5563
32132
19462
5922
61248
57754
56003
63011
64453
45430
760
13452
56032
9874
49674
64908
35752
32332
11263
27025
45679
32790
11717
5550
24247
19103
29362
54041
43443
57764
26706
12294
17157
17640
18664
61113
9399
5708
23765
9724
17132
50026
49685
28176
12437
48856
6374
32200
58918
21485
59889
47925
53525
42996
23233
53692
54201
30831
17282
2263
35508
30955
59254
55693
35636
29243
14714
55927
17778
32912
40915
28272
4760
46757
40717
51420
63709
64599
34185
56893
61154
51606
64354
6143
19409
53558
42027
28581
8611
13878
24430
9281
50079
5486
33988
63686
35830
4104
20709
21858
30283
57459
40772
56825
45649
24609
55944
52655
38975
5487
51209
2037
16255
55439
24179
55660
45299
57655
37872
45109
50114
19467
26517
38663
49859
5723
36224
35785
33474
33158
43062
63599
65270
52671
30157
49397
3070
33160
44078
53203
38254
45347
9732
7267
18148
17280
46855
10313
38480
3219
10875
29076
15762
34651
64273
21545
9226
9767
14151
42817
53895
38864
63201
24864
8336
16596
8349
60043
54419
32275
18672
35358
50477
55665
46605
3892
1473
57939
25048
37209
44070
20210
21101
41340
24780
10263
6590
39317
44871
45660
12640
26386
32466
14126
3305
33891
24609
62423
651
11836
31754
48721
13236
28965
61097
42135
13079
22047
26047
199
29295
17973
52887
17749
42063
65440
26725
6505
60414
33634
9278
31369
45794
56286
26415
60394
47855
15082
51051
29488
20787
62834
661
19845
13213
41833
48428
37562
55756
7098
33742
3440
6422
39071
44949
24621
5211
58683
36725
62858
56258
39585
15200
17132
34322
5659
11329
18494
48282
40286
63065
49668
28392
13651
16026
2207
50993
39079
64236
52600
53102
62366
57793
1856
28445
23459
57942
41970
34106
55816
65287
27790
10413
19661
13231
13804
47721
42809
47498
2738
13218
7413
51809
29189
45692
35506
29993
10165
46004
21414
29492
64515
18185
22984
56593
41653
56684
31213
63158
48704
60006
59946
19084
40834
710
15972
21489
59496
3864
11466
54746
38065
10451
14059
44107
32519
54071
25884
7516
5864
16919
15096
56610
37678
37910
46351
49943
21664
40085
49427
47662
29693
58142
53925
33721
16267
32107
28220
55548
59659
6248
11627
32401
57502
52196
28805
4482
21550
10365
22341
32205
57834
60997
14232
22663
56628
11360
1029
17186
13345
25674
10109
61589
27511
11526
10774
61204
27362
11387
37885
10485
4864
5939
30916
55107
52087
8597
55109
64251
65319
61731
15285
43440
45587
22203
42890
31880
24528
50942
16499
48305
38320
47893
65191
55370
7008
49215
21294
52703
47441
31055
36957
16715
17013
29828
37898
2067
43723
58454
43099
31214
48024
29157
19994
17558
22132
55526
30896
16708
62092
44871
45187
54648
592
10851
29521
63717
33079
20909
36701
64958
63091
29653
59355
5754
12718
58464
11638
38627
31377
27932
53831
956
16318
4039
22452
27417
14615
30135
10870
30833
11000
11239
64724
21205
9404
21122
19858
63047
23202
44883
34878
16433
62471
2612
55434
38884
63275
23548
31810
19947
11339
32180
26556
35965
41829
2421
42392
55793
2561
16178
30719
63873
28082
15896
38286
31643
52288
10787
5233
41718
40126
34083
64185
2150
8821
6205
17615
15801
18261
41862
46778
7105
32227
29166
44653
8437
2771
33340
10843
17159
30405
48740
44747
33424
34071
49594
38963
60415
44115
44657
42025
10020
51267
55170
5298
49513
57350
59305
22867
37503
2607
3450
58265
29592
56116
17399
5815
20815
38197
15313
29525
2711
57238
43412
13870
23691
45521
21929
2291
18088
64667
53703
17209
62649
81
6728
21579
41242
31339
2049
26910
36055
12038
42888
35106
56446
31349
64633
21960
676
64683
11200
1998
10243
22601
15884
5056
60301
33157
48484
3199
17437
50294
2521
17940
23727
57741
39729
26520
57706
12828
6779
39467
3556
46485
19230
1941
38795
1818
52569
64505
60766
47361
52574
42556
23611
5092
15296
46101
57852
19133
41251
22953
8436
43594
64351
45796
38679
41548
14075
20591
36044
27766
57523
38146
48084
3218
12438
163
15770
10031
41864
43545
63938
31632
5403
11060
56778
18816
35134
24938
60704
63760
41130
2125
9926
2707
36978
60836
60134
22617
6095
47528
54673
5977
51611
37491
12144
20927
11085
1183
33291
15450
14471
41745
15025
46493
19663
3125
14843
55742
46474
6017
29897
3241
3447
27707
58150
35091
751
34392
46975
26667
1220
26155
347
5179
37504
31925
7612
8004
48240
34748
24801
24535
9466
56138
20846
49164
20656
5847
55072
18371
10203
12289
60076
16162
53574
16637
7358
29677
29041
30211
8059
51629
40138
31645
43930
9176
24264
54282
60186
39540
53052
33428
40992
33147
58793
50080
6266
56801
35565
6034
16877
54145
61554
24300
61784
62899
44989
50392
55000
56368
19646
36432
46370
46418
34506
33617
10742
45088
16834
46405
13674
65451
42848
21463
35775
27085
12515
51441
10362
47723
34454
39433
54482
4766
48462
31120
56109
52703
63291
11420
23412
36578
30475
24937
53520
58544
33374
50268
37601
2737
5813
11789
28829
595
18477
38115
64686
295
8692
50731
21110
48421
39076
39959
46352
1342
32583
50968
33854
4633
28183
34676
44109
34830
27420
41786
55205
27355
59166
33367
36085
5901
11511
45839
31396
11007
20612
21217
11049
38479
51774
44994
18653
8332
43687
8623
33554
36017
25715
43314
7083
52854
61198
21195
21081
15709
38318
23828
21677
20975
54555
60091
36907
35249
50152
31380
31437
31191
55121
61856
50576
47501
54848
42769
63195
33204
11035
21442
39311
39202
64826
138
58388
6251
4260
26002
39139
2192
35391
11098
3373
23046
47778
35435
46584
52223
56751
34714
39048
12654
25550
48678
3934
955
58427
43011
43712
32784
11940
22229
8981
44916
42327
46741
64780
24887
47021
17157
54772
36551
44637
58551
29577
39392
19701
26659
17998
35683
61749
24109
57708
11465
46541
29042
22099
51292
43225
41020
17756
53314
161
4222
43594
36820
51433
37061
51523
3492
21765
46404
664
24165
25304
20079
44541
27276
41605
56320
62082
878
45778
22542
27813
17464
11886
9425
25333
13727
44314
41710
10322
7901
56215
6724
3907
6529
22455
6804
60521
61981
7529
41462
31376
24530
23375
39588
50711
33209
6641
30290
64629
30226
9579
41804
63883
54816
59005
7353
19170
30599
46256
35572
33910
33057
25009
26836
38959
18811
29971
16130
7085
17640
43082
21043
4631
49143
33004
19828
23566
57623
25075
36669
40796
39701
46221
58439
31021
65279
26092
57860
38088
64581
25927
9858
48802
63937
1025
16759
407
13917
53215
9247
29104
269
59144
45826
32825
58993
15099
8292
42887
41314
14937
24716
44993
15261
