9259
9603
9532
9297
9092
9875
8727
9866
9509
45444
8782
9729
9919
8710
9632
9157
9508
9604
9396
8963
8977
8822
9584
9218
8704
9480
60790
9483
8815
9318
9878
8929
21941
8819
9510
9111
9924
9546
9894
9197
9027
9111
8958
8786
9683
8919
15597
9099
9521
8711
9980
8930
9103
9503
9185
9206
9458
8731
8944
9367
8937
58156
9373
53951
9094
9187
8774
9891
9422
51188
30692
10134
9600
8910
9400
9417
8943
8758
8778
9848
9411
9819
20270
38812
9748
9807
57828
9108
9833
9724
9920
9128
9605
9015
9627
9497
9802
22784
8999
9499
11943
9639
23453
9266
9353
9383
45625
9424
9110
9469
9738
9257
9216
30287
9577
8908
9968
9202
41635
9299
8935
9873
8994
8705
8764
54227
9248
9099
8870
9417
9702
9818
9931
9935
8908
55599
9934
9448
9170
9451
4056
9827
9761
33783
9384
8754
8743
9104
46406
31646
8776
60897
20541
9951
9844
9699
9764
9589
9389
8995
8830
9079
8864
9168
22088
9357
8941
9626
9838
8825
9714
9144
9338
10145
9350
9542
9227
8761
9565
2416
9738
9387
56331
9950
8957
8772
8767
9632
8834
9873
9345
9802
8935
30156
9620
8716
9882
9954
9782
9597
11129
10588
10162
10077
10866
2315
10102
11254
10911
10004
10345
10450
10538
10206
10390
10545
11052
10613
10754
11197
10013
10657
34911
10146
28422
11202
10518
10010
52712
64937
10357
10191
11179
50957
10186
10505
10163
10090
10265
10940
11147
11245
10588
11016
10688
11003
10319
34529
37146
10948
10804
15304
10063
23817
10310
10168
10931
10841
11128
10813
10158
10518
10031
34431
10751
10063
10345
10279
10507
33378
11100
10043
10165
11262
10775
10560
10151
10101
10690
10729
11174
10927
10854
11036
10611
11182
11045
10588
10183
15771
11150
10204
10761
10200
38457
10660
10645
10667
10362
10114
15451
10265
11078
10014
10953
11241
10135
11220
10332
1764
10153
10709
10058
11199
10582
10702
30543
10209
50263
10981
10952
10244
10023
53473
10035
10872
10743
10127
11238
10940
11082
10320
64824
10063
11175
11044
9984
2101
11947
10850
10884
10714
10399
57286
10124
11026
9950
10118
10988
10548
10800
10070
10359
11192
10804
10971
10311
10405
10387
44759
33219
10272
10746
11179
10063
10317
10750
10543
3182
10453
11149
11094
6541
10804
29545
11060
10272
10794
11029
10545
10009
10511
11068
12323
10464
10232
10255
10482
10529
10754
10395
10392
10752
10497
24109
33901
10157
11052
10710
10741
60474
61319
61255
60920
61197
61380
61364
61012
60783
61377
19722
61133
61023
60303
60475
60504
60671
61181
61053
37947
60405
60964
64784
60720
60631
60246
61232
60337
60821
60448
61201
60664
60838
60517
61361
61301
60301
61334
60161
60968
61384
61613
60646
35736
60359
61267
62101
61218
60169
60250
22200
60757
60642
61114
60551
30923
60467
60625
60921
60616
60968
61236
12666
60279
61250
37280
61103
61146
60434
59928
61433
60427
60254
60230
60433
60488
61149
60351
60920
60575
61254
60214
60571
60559
60553
61263
60683
60466
60397
60409
60572
60188
61256
15846
60528
60354
61050
60922
60575
60176
60502
60162
33302
60925
61229
60160
61422
60240
60864
60377
61383
60919
60213
60564
60999
61077
60728
60475
60227
60344
60501
61308
61276
60693
60561
60727
60359
61373
61337
60276
60901
60169
60891
60627
60888
61438
61086
61218
6013
60943
43705
33291
60456
60177
60602
61501
32011
61261
61069
60691
61138
61340
60436
61316
60333
61117
61222
60958
60616
60378
60867
61300
60759
61343
60297
61119
60663
60558
19699
61086
60991
60550
60966
60448
60451
60315
60804
61130
44562
60334
60872
60458
61384
60930
60665
60689
60469
60233
61154
60575
60826
61123
61182
10280
60855
60774
60229
61121
60269
61055
38441
18279
18742
18707
18189
18578
18299
18266
18904
36949
3967
18322
18046
18361
18568
22148
18915
1060
18248
18038
17948
42157
18943
19077
18444
18112
18540
18669
18954
19192
19180
18476
18920
22676
19141
19076
17979
19089
18318
18614
18399
17921
18165
9552
18990
19107
17941
18392
18910
19022
18507
18208
18622
18893
18405
44805
18029
1625
18165
18288
18188
18360
18877
17998
25423
18955
53777
63695
45670
36893
18742
18822
19189
18952
18188
18083
18213
4981
18246
18831
17942
19062
18625
18445
18925
18596
18860
19000
16538
19033
18468
19153
42607
18029
16592
19021
18358
18434
36396
43427
22185
18435
45034
18155
18107
19110
19051
18328
18698
18509
18173
18864
18615
17956
18494
18508
18861
18633
18462
18923
50476
18434
26739
18534
39343
19147
18992
19167
18078
18473
18870
19049
50934
18948
18217
18652
19111
18922
18410
19030
18901
18630
18116
18209
18173
19103
18313
18082
18428
18074
18890
18976
18626
18547
19105
18584
36693
18595
18850
18745
18962
18852
18247
64598
21441
18756
19137
19074
18195
18995
19144
18611
18958
11591
18066
27972
47097
18121
18437
19088
18019
18176
18363
18877
18127
18126
17864
18203
18123
4145
18950
18684
16048
18456
18945
17963
64853
18848
18925
19007
13194
14006
13778
13853
13999
13337
63136
13019
12902
13582
13168
14037
29469
13456
13442
13259
13437
13897
13359
14003
13043
13932
14067
18428
31107
13996
13293
13611
13452
13652
13192
13170
13163
13379
13108
13152
13489
13198
13666
12942
34100
13304
13379
13430
13295
13663
4153
13128
13050
42113
13874
13799
13066
12961
13582
13074
13041
13857
13604
64273
31469
12959
13069
13705
13572
12972
13537
23432
12803
13442
12861
16018
13235
14045
13440
13590
13732
13715
12830
13044
13277
13176
13180
14003
51570
14020
12893
62152
19311
13608
13098
14017
31057
12883
13786
32489
12850
13065
13633
13817
13714
13971
13301
12906
12812
13127
60621
13468
6644
12838
14027
13945
13229
13380
28712
13915
35929
9921
13337
24292
13329
12825
12801
13071
13700
13336
12850
12956
13508
12924
13798
13569
12862
13005
13379
13182
13809
13359
12866
12972
13548
12925
13824
13164
13062
13242
13347
13962
13129
12960
13602
13714
54584
12944
13645
12827
13255
12928
12999
14035
13497
13719
13228
13418
13408
13587
12854
13513
13217
12970
13531
13486
13045
13281
13767
12938
13895
13042
13027
34190
43068
13575
13055
13737
13515
13785
13359
13332
12888
51085
13976
13714
13323
14056
13369
13469
13124
13833
13862
13714
44658
54544
45113
44750
45126
44507
44986
44872
45455
45419
45176
44434
44899
45524
38384
45147
44563
45332
58582
44507
45289
44680
44677
44940
44700
54506
44878
45452
44527
44355
45409
44339
7777
45431
44766
45477
44304
53409
44735
44803
45336
45445
45352
45493
45470
44681
45404
45323
45342
45504
44968
45556
44909
44772
44308
44767
45294
45221
44549
44326
45044
45419
44322
45002
44660
45534
55661
45125
44768
45183
20869
45553
5145
44599
44604
44378
44417
44340
44461
44981
44406
45094
45409
44984
44684
44900
45094
45444
51003
45002
44670
44353
44445
45378
44969
44744
44967
45288
44346
41971
62280
44613
44589
44902
45517
36385
13924
45067
45466
45339
45431
44524
24689
44801
44556
44979
45173
44397
44875
44865
45197
44710
7624
59693
44967
45385
57978
31272
45496
44467
45292
45289
44827
44643
15042
44959
44446
44690
45098
44883
58370
44588
44989
45392
44943
45376
44679
44783
45182
45046
44317
44909
45563
44518
1851
45477
45254
65292
45472
44446
45336
45537
44576
45094
45400
44604
45261
44727
45327
45475
44757
45344
44296
44396
45562
45103
44446
44603
45455
44841
44393
44648
45542
45339
44713
44662
44848
23761
45037
44820
44931
35065
44427
44733
44886
44295
44928
45063
62149
45036
31186
31384
31920
31210
31091
31867
31206
30867
31611
38451
31391
31329
31983
55862
3891
31430
31204
31922
31550
30878
31290
31935
30892
30732
31326
30733
31055
31034
31125
33766
31142
31850
25371
31847
31291
31329
31879
31971
31248
11942
31118
31976
31176
45764
60521
39915
30396
31389
31832
30822
31796
31108
31108
31319
31027
31218
31436
30904
62916
26366
31544
31669
31393
3654
31491
31545
31664
31130
31228
31317
31981
31695
31173
30914
31320
31573
31320
31433
30809
31587
30962
30758
31974
31078
31850
5555
30840
31493
13154
31131
31340
31518
30831
30940
31294
6040
30995
31156
4940
20721
31144
31684
4392
30737
30951
31047
30748
31704
31782
31409
31923
31480
30914
31750
30785
31050
31196
30789
31855
31725
31130
31290
31651
26130
30994
31154
31342
59943
31931
31601
31073
31925
31896
31643
31976
31451
31649
31035
31576
31660
31773
31233
31598
31585
31460
30987
30797
15080
31533
31002
31829
34994
31351
6095
31765
31656
31629
31127
31669
31131
31323
31921
30727
31166
31219
31333
31270
31912
30916
31466
18964
5003
30934
31095
30808
31708
31785
31185
31166
31726
19873
30984
31556
30811
31322
31912
31576
6826
31721
31428
31569
30695
31471
30721
31191
31730
31595
30984
30770
23433
7808
7689
8562
24248
39254
8658
60151
8280
7753
8117
10598
8369
8335
7675
8461
7790
8276
8094
8365
8683
7811
8500
8666
7739
7633
51638
7930
4542
8384
7460
8640
7619
7920
7572
8316
8505
7632
56712
58692
7745
8133
8264
8234
8067
8014
7798
7896
8669
7442
8222
8423
7809
8698
8258
8361
7531
8094
7958
8591
24978
7915
8142
7437
8041
7592
7994
7645
8489
8243
7800
58747
8538
7473
45081
8178
7795
8563
8282
8005
8156
8400
8626
4879
7798
7766
7825
7776
7796
8241
8304
8055
7910
8337
7742
7570
19290
8517
7999
8551
7998
8287
7851
46105
8063
63236
7747
1874
7620
7688
8548
8505
8314
50917
65174
8052
8340
7808
8072
43693
8153
8410
8591
8248
7828
8456
8075
7851
8577
23409
7956
7763
7734
8096
32520
8212
50561
7445
7692
7626
8598
8004
8192
7860
8456
27366
7500
8597
12342
43768
8470
7866
8426
7923
8307
8241
7904
7956
8666
7524
7442
8564
8092
8611
57057
7754
7554
8564
7504
8565
2458
8210
3506
11846
8277
7597
7574
8456
2098
8664
8313
8152
7977
8010
7669
7988
8693
8646
20523
8364
17181
55954
8016
7860
7855
8633
8343
32531
32972
7710
8146
13100
31586
31459
32065
31767
31601
32277
50185
22982
31281
32226
31868
31599
31635
32363
31584
32198
32468
31342
32239
31712
32491
31479
31773
32454
32230
31736
31854
31941
32101
32373
31458
31756
31562
31297
31527
32328
31854
14039
31547
31606
31863
31932
52573
7444
32380
32091
32443
31863
31964
31522
31729
32372
32440
31255
44391
31545
31619
34642
31751
32248
55436
31426
32294
31683
31699
31448
32063
32251
32467
31328
32093
31826
32165
31598
31715
31571
31299
32501
31529
32021
33985
32151
32426
31363
31860
31835
32438
31233
31706
31308
32273
32178
31673
31575
32256
32388
32429
31933
31845
32091
32477
31516
32183
31298
32133
32287
31554
32286
31618
31300
32421
31836
31654
19801
32196
31404
31384
32073
31767
32252
31346
31797
31550
32397
31249
34855
31280
31278
31278
31526
32137
31535
23114
32485
31260
32417
31455
25997
32001
32108
31490
32297
32468
301
52068
31756
32058
31249
31573
56964
32148
34700
21803
1790
31535
31386
31836
12581
31774
53645
31471
32094
32324
31763
8091
32204
38210
32350
31601
32013
32387
31485
31906
31252
31511
31250
32441
31291
31286
31355
10834
31862
31488
31299
31358
31618
32291
32437
31460
31492
31828
32493
31461
32210
32456
31485
31412
31560
31813
20113
40955
40687
39825
40092
39761
40941
62695
40016
39948
40103
40087
40418
39705
39889
40557
40482
40011
39770
40632
40568
13013
18698
40370
40164
40142
40072
64659
51477
40247
40119
40273
40690
16996
39690
40202
40876
40284
40647
63593
40405
40498
17355
39860
6684
40426
40240
40855
40655
40866
40618
40117
40265
40276
40873
44922
39752
23423
40600
39958
40521
39798
40158
40432
40452
52256
37633
39918
40544
40070
40006
40405
39881
40797
40821
40106
40169
40116
39812
40797
40705
40004
40253
40886
40613
40514
39791
40692
40449
39781
40518
39695
40078
40655
40075
39829
40278
40908
24364
40613
39759
40737
40860
40052
40021
40038
40323
40364
39884
40381
20361
60820
40299
40503
31016
36507
39958
40528
40854
40656
40810
45817
51802
39860
168
40200
39808
39731
39852
40469
56525
39883
39878
40900
40490
40610
40804
39834
39924
40086
40451
40517
24556
32602
39990
40780
40017
40431
40381
40175
40416
40773
40946
31596
40535
40136
40245
39923
39968
40274
40467
1513
39794
64497
39881
21700
40485
52919
39782
60320
40553
40134
40646
40249
40344
39947
40173
40427
40422
40150
40229
40527
40646
40347
10775
40794
40415
40587
40496
40393
64629
59906
40360
40597
39892
40016
40180
40141
10443
39682
7932
7973
7700
7602
8266
8118
8159
7637
8360
49719
7845
8270
7494
7696
8152
7955
7473
48535
7703
8398
7550
24247
8199
52626
7709
8644
31576
7855
8102
8530
7482
8246
8460
8377
8260
8072
8053
7504
8651
8650
8643
8364
8581
15624
8623
8092
7967
8056
58360
712
8202
7630
22505
7804
7987
8269
8542
7792
8553
8674
8181
8058
30154
43057
8481
7426
8008
7723
7776
7966
8321
8663
7700
7973
8237
8079
7640
7525
7462
7745
7901
8189
8430
7635
35841
7559
15551
7824
8613
8155
8436
8204
8517
8143
7659
8057
8160
8469
7703
7804
8000
8031
7148
56145
8639
12102
7814
8437
4847
20566
64112
8680
8044
7516
8091
7680
7961
8228
10972
7558
7626
7648
31476
7841
6427
8266
8119
35006
7507
8621
7798
6949
8557
8416
7984
8590
8586
8620
8055
7899
8105
8222
8701
38826
40893
8458
8238
7684
8017
7577
8093
7450
8371
7682
7478
46417
63646
8084
8271
7505
7901
7697
7795
8221
8054
7729
7876
8478
16135
8546
8098
7916
7626
8555
19034
7427
8086
8671
8325
7944
7526
8459
8500
7430
8303
7568
7976
8546
8380
8569
7876
7630
8560
7458
8058
8237
7850
64494
1818
7726
19898
20545
20385
20000
20229
20200
20879
20687
20437
5043
20290
19460
20441
19870
20821
20346
53957
19770
20349
44598
20603
21195
29992
19938
20961
33728
20708
19776
58752
20197
19908
20816
20877
20753
20914
3098
20963
20239
19897
20845
20789
20471
20234
20898
20904
19760
19928
20591
20662
20178
20961
20002
3933
20641
20481
20354
20231
20723
20773
20144
20250
20965
19888
20985
20808
20198
20545
20177
19771
35673
5583
20314
20942
20341
20871
20698
20112
20094
19739
20461
20871
20450
19799
45437
20033
20077
20565
20014
20669
20078
20076
29357
31318
20881
20651
19718
20649
20909
20110
20429
20968
44916
20191
20968
20699
20870
20628
19864
20285
20007
20459
20233
20493
19954
20677
20315
20845
20952
20422
19744
20203
20298
36131
19777
20148
20330
19959
60279
19901
19985
20087
175
20276
20490
19894
20362
20448
20255
20071
20829
20796
20419
20299
20510
20031
43498
20360
20922
20955
20650
20338
20954
19825
25090
19963
19749
15275
20591
20217
20904
29384
20487
20072
19844
20779
20944
20417
20360
52192
19861
19268
19952
20578
5573
20251
19941
20070
20593
12795
20720
20572
20436
20674
20051
20570
64250
20936
49332
20616
20953
64510
20589
20984
20819
19714
20726
20791
20937
19943
20683
19945
19029
236
18689
19828
19633
19857
19873
10549
19589
18989
31110
19634
19702
18982
44248
18992
35023
19667
18982
19552
19916
18807
40948
24124
19362
19837
19274
19644
19142
19826
19469
19587
18819
19636
19753
18722
19802
19485
18698
19430
19119
19393
18891
18892
64719
18895
19492
19234
19930
32691
19123
19594
19590
18968
18860
19654
19446
19371
18874
19343
16261
19670
19020
19297
18790
19054
19251
19711
19148
19875
19278
33061
19053
19282
18927
19794
19646
18911
19869
19047
18818
19224
19112
19215
19479
39833
18763
19493
33633
19631
18914
19555
19858
19361
18749
19063
19254
19252
19276
19698
19637
47467
19922
18892
19108
19904
13624
42783
19349
19772
19210
18911
45385
19279
18795
19774
19392
19344
19964
19252
19219
19613
18968
19486
18867
17554
18823
18805
19453
19794
22066
19714
18806
19606
19637
18783
53641
19823
19296
18707
19071
19815
24858
19509
19815
12373
19828
19477
19317
19324
19701
18784
19174
19635
18723
19194
19534
19773
18857
19817
11001
18703
19640
19920
19237
19058
29995
19628
19390
19501
19554
19083
19482
18837
18912
19564
19880
19336
19312
19321
19445
18990
19734
18866
19809
19127
19706
19684
19252
15844
19254
19596
19633
18857
19415
57242
19517
19392
19943
4857
4402
4476
3797
33285
4432
8716
4506
4262
4725
4516
4576
4341
4670
3712
4539
3872
3781
4144
4639
3756
4182
4048
3874
4645
3703
4065
44423
4799
35899
3998
4317
4243
3661
36355
54318
3935
3964
4466
4514
4057
4104
4157
4003
61249
4639
3869
3927
62739
4343
4288
37838
3864
31056
22774
4693
4513
4443
3603
4480
25579
4818
61788
3753
4317
4581
3615
4848
3785
4237
4765
3605
4476
4836
51079
19224
4453
3737
3964
61379
4229
4399
4226
4340
3908
4383
4044
4788
4305
4048
4284
3676
3598
4828
4433
4579
3696
4242
22678
4396
3639
3836
4385
56476
3695
6449
4551
44819
4057
4547
4225
63974
4743
3859
4167
3968
3646
4336
4183
4083
3823
3663
3608
3892
3709
3651
4334
3770
3870
4232
4243
3626
3915
47646
4284
4449
4421
4037
4359
4799
4272
4807
3802
4296
54481
4717
31654
3789
4138
4199
4746
4401
4767
27045
3615
3715
13530
3933
4202
19582
4742
3746
4109
3863
3602
4094
4448
4698
4278
4178
4235
3990
3823
4014
4051
4399
3646
3974
4857
4775
4601
4822
4528
4641
3718
3715
4541
4699
3926
3681
4654
4141
4475
14110
4660
3843
4293
4378
25648
4479
33103
61427
33113
29703
32927
32295
64850
32923
32531
32509
32508
33139
33349
32867
32849
32391
32542
33153
32787
33184
27250
33374
32482
33313
53095
23847
33076
32465
41321
32558
32823
32554
19339
25098
32386
38109
32547
27135
32599
32835
37056
33117
15749
33298
32598
33524
33292
32528
32786
32758
32717
33490
33363
32343
33342
32529
32619
32668
32815
33109
33029
32944
32600
33526
32460
32387
33317
33014
33021
32405
33096
55649
33138
33275
32353
33062
32822
33454
32548
32505
32322
33350
33105
32616
32557
32615
32428
32656
33468
33422
32710
33464
33349
33056
32540
33177
32259
33004
33459
32745
32468
32289
32873
32850
32847
32508
32860
32456
32968
11262
32400
32945
32310
11010
32403
33025
33243
32723
33020
32686
33132
32875
33255
32750
32869
33292
33508
32618
32712
33321
32731
33123
33179
33494
33409
61893
32372
54876
32907
32546
32500
33534
32724
33069
32491
33084
13660
32670
33130
33042
32893
33001
23319
33459
27501
32968
33251
32274
33206
32291
32895
32302
33417
32338
32858
32483
32838
32257
32893
33252
32850
61000
32319
32901
32912
32432
32397
32410
62083
32931
32581
33439
32376
32996
33494
32672
33117
33175
32615
32507
33177
32851
33182
37112
33191
32307
32400
3573
33424
32624
13949
14667
14211
14594
13925
14063
13875
64618
43172
14786
14126
14302
14311
14033
14793
36327
20097
14656
14109
14359
14774
14970
14789
15032
14088
14690
13850
14428
15022
46326
14825
14710
14507
14022
14197
14669
14748
14444
59706
14361
14866
14641
14234
14134
14323
14620
30750
14611
13879
15053
14847
14375
14227
14974
14680
13853
14669
14342
27439
30144
20835
14216
14032
14665
14718
14607
15103
13867
13901
38422
46813
14248
14929
14048
14601
14543
14269
14209
14925
14135
14221
15081
14680
14535
15045
14936
14471
14396
14962
13931
15000
14576
14551
14559
14805
25177
14609
5586
14796
14332
13988
31138
14677
14650
14050
14015
14197
14703
14541
14551
13874
43399
14391
14782
15062
14355
2230
15101
14194
14355
14394
14793
14680
14460
14237
14007
14578
14945
13847
14155
14072
14171
14389
15054
14491
14518
14919
14607
13973
14235
14928
14182
14295
14223
14515
14911
14993
14981
14185
1089
14633
14332
14671
14625
7835
14097
14877
13940
14333
14060
39774
14471
14896
14673
36913
14519
19231
14343
14488
14345
45732
14106
14242
14163
42070
14211
14543
15037
14605
14345
45397
14835
14422
14648
15097
14568
14093
14584
14801
38292
14551
13984
47853
14038
14059
13835
13869
14617
55871
15101
9410
8545
9048
9210
8502
17676
8901
8807
50622
8545
9456
8670
8362
9049
8304
8671
9466
8565
9059
8316
9319
12015
8416
8740
8913
9058
48747
54873
8580
9397
8446
8920
29444
8270
28017
9435
9451
8548
8967
8927
8741
9328
8411
31300
8862
9321
36959
9461
8873
8397
9442
8334
9359
9148
43893
9199
9445
8447
9146
8548
8724
8341
8543
9227
9440
9001
8406
9259
12990
42067
9329
8485
9348
17513
9213
50238
9240
9022
8373
9716
8852
8699
9133
9399
9183
8223
8302
9158
8521
9005
9164
8388
8825
8470
8675
9231
8416
8982
8636
9464
8465
8507
5526
8871
8398
9310
56152
9340
9219
8370
8372
8665
8216
8917
8584
9359
8295
9460
8849
8562
8459
4754
9948
21470
8550
9103
5097
8923
8987
9430
8925
8767
8754
18121
8667
8367
8375
8991
9160
9064
8519
9187
9164
9005
9421
8985
49554
8384
8653
8361
8953
8722
9126
34680
26470
9123
8708
8408
8195
9319
8577
8990
8832
8979
8250
8904
8863
8885
9064
9330
9413
9284
49080
8466
8905
15144
9089
8273
9432
8935
8349
9122
8486
9418
8254
8403
46220
8762
54479
8950
8257
8773
8427
8966
9110
8217
8675
9416
8846
8407
48687
54409
54008
54503
53382
54435
54198
53523
53624
53431
54292
54088
53405
54424
53489
53430
53682
54316
53890
53421
54118
53497
53833
53950
53441
53529
53552
54243
53525
14158
54264
7454
54299
19370
53963
47831
54325
54493
53545
53685
59960
30902
53485
54379
10747
53515
53398
53817
53690
53967
44956
53345
53789
53412
51218
53969
63224
53804
54125
57627
43682
54076
53781
53476
992
21428
53747
14460
54340
53612
29327
53380
54043
54480
53728
53351
53331
54417
53361
53717
24146
54179
54507
54407
53588
53488
54183
9242
53657
55811
54405
54429
53408
54085
54331
53384
53479
53890
53305
53869
53520
18708
53618
54042
53509
53556
19481
54229
53842
53443
53633
53607
53925
54220
53857
53291
54456
53572
54422
54456
54332
53596
53290
53455
54144
54329
53599
53833
53743
54331
54468
25805
53812
53525
54432
30111
53502
54143
54135
42227
53564
52274
54100
54164
53784
53416
53481
53975
53809
53960
54210
53978
53265
54484
53322
53594
53366
53633
53473
54103
54029
53536
54227
53778
53573
53353
54302
54404
53842
53629
29536
53783
54194
53905
53407
53519
54294
54495
53480
53718
53902
53756
54477
53573
53562
53684
60751
53313
53916
53827
53638
23047
53475
54108
53414
54131
54233
54091
53899
54467
24458
4286
2355
24272
24563
25243
24873
54121
39738
25211
24351
24577
24213
25194
24249
24335
24724
24322
24455
24181
24634
25310
25274
18664
24797
24750
24634
24899
1257
24109
24585
24670
24914
45920
24898
25044
24807
24686
24516
53710
37876
24752
58614
24755
25315
54304
24407
25235
24871
25140
24551
25120
24873
25031
42472
24731
24452
25237
25242
24535
24575
25173
25326
24587
28527
24402
24101
24196
25156
24070
24195
24199
24255
24738
25075
24965
25256
24883
25141
24304
24779
15456
24935
50970
24234
25158
24391
24102
24407
24840
24332
24813
24972
25096
24350
24989
24097
60120
24399
24830
24325
24698
24981
24855
25159
25069
25224
24944
25186
24111
24123
24761
24999
24817
24964
24556
24754
25018
24432
24628
25246
24185
11379
24544
24400
25083
56876
25019
24466
24123
24648
24739
25003
24072
24109
24123
25244
24985
24888
59618
23573
24526
25303
24335
25265
25247
24864
24120
25284
24809
24761
24271
16573
24392
24985
24263
58277
24382
24646
39282
25192
16853
24766
12731
12143
25176
24238
51335
25115
24211
24231
24402
30076
24478
24242
46628
25243
15752
24095
43374
25215
24346
24795
25213
56282
25282
24347
44316
39897
24646
25292
24156
25261
25119
25075
24161
24859
24143
24876
24252
3989
63409
17278
4628
16892
17192
35447
17194
17277
16431
17137
17168
17148
16527
16904
17353
16177
16433
16698
16131
16268
16485
17318
63795
16712
16914
16674
16430
32596
16731
16563
14380
17290
16362
16669
3818
57921
16519
32945
16567
16472
16303
16437
17249
16743
16888
16241
17322
16897
16311
17040
16832
17237
16858
17406
40903
17136
16464
17038
16232
16411
16957
17134
17079
17025
16904
16398
16239
16986
16874
17320
48939
16429
16361
16643
16296
17138
16375
16711
17117
37160
16833
17124
17276
60203
16529
16812
16863
44258
16715
4481
17277
17158
16225
16852
16918
16403
16423
16158
16326
23841
16839
35597
16525
16227
17402
16642
17246
16336
16300
16838
16588
16131
16670
16338
16150
17220
16524
16248
16453
41068
16618
16583
16321
64773
49863
16899
16697
16442
16719
16842
16346
17102
49119
16346
16193
17233
16558
16395
17173
16847
16524
14566
16153
42482
16745
17165
45980
41800
16857
16815
16434
17385
16884
16557
17040
16339
17170
17113
16800
17339
16564
16494
16274
16218
16983
50924
16479
16297
17023
17245
16303
16639
52597
17160
16323
17176
16563
16764
16174
17296
26168
16392
17233
17401
16739
16907
58561
17303
16763
17220
17152
13205
16362
16145
16206
16632
16195
16360
16783
41612
40716
40953
41166
41504
41903
41544
21890
41729
41495
41478
41286
41232
41542
41622
41354
41744
41953
41549
40999
41790
31158
41016
64580
41739
40872
52571
41680
41921
41956
9267
45000
41780
33316
40956
41220
41067
40850
41264
41858
41859
41944
41525
41809
40779
40832
41079
41087
40966
40730
41475
41951
41800
41673
41307
40722
41327
41632
41043
41868
41369
41568
41504
41255
41598
41916
40994
23176
41728
41650
41506
41036
41703
52335
56317
41450
41035
41852
41748
41410
41753
41978
41308
41271
40849
40830
41071
41036
41916
41077
40775
41696
41468
41213
41948
41655
47323
41225
41132
40938
41002
63838
45197
41086
41249
41294
41011
41625
41627
41810
41342
41699
41720
40721
41051
40956
57792
41138
41123
41046
41694
41428
41411
41697
41775
41857
41103
41199
41770
41099
41050
41585
41916
41122
41538
2156
41310
40975
40797
43175
40981
41820
41526
41964
41696
26026
41677
41158
40943
41878
41030
41767
40877
22611
41637
41115
41919
41206
41964
40926
41178
41643
41691
41060
51034
41347
41666
40959
40962
41200
41205
41243
41243
52395
41337
41594
41059
40784
40737
51272
41076
32036
40783
40945
40942
41381
41388
41693
41741
41565
40397
41078
41976
41862
41052
40712
40839
41037
40865
41131
5873
5411
6264
48301
5669
5504
6149
6102
5504
5333
5709
5130
5368
5684
9162
5311
5962
5593
5837
5914
5539
5443
6251
5181
6246
5514
5927
5997
5688
5274
5203
43531
5602
5679
5536
5747
5424
5140
58015
5302
6341
6147
43555
5392
5698
27749
5884
5357
6160
6343
5422
5761
5756
5346
5375
6026
6262
5786
5611
5860
43967
6374
31751
5865
12635
5865
18783
5872
5362
5686
5659
6006
6184
5406
5227
5431
6096
6173
5695
5308
19722
5373
5511
63105
6155
5211
6112
5584
5799
4668
5609
5360
6117
6143
5546
5397
5482
19015
14583
5784
6207
6051
5551
5200
5124
3068
5202
6350
5384
5868
55622
5359
5547
6124
6166
5684
6188
4948
6116
5721
6340
5203
5373
5288
5215
5364
6117
5524
6342
1875
5609
5825
6101
5189
5339
6132
57497
47042
6038
5154
5153
5327
6322
5512
6312
5936
5461
6183
5272
6310
6303
5622
5668
6058
5538
6337
6184
5832
5916
61679
5665
5701
27585
5649
6004
5796
5961
5128
6017
6264
10651
6189
5605
5221
5720
5576
5163
5702
5514
5805
5252
6226
6361
5210
5249
54950
5739
5830
5556
5748
5800
5654
47247
6017
3324
5965
6025
26662
5262
6261
40036
40625
40298
39702
40681
40393
40550
40939
39810
36232
40473
40248
40264
39870
40554
40544
39959
32716
40316
40878
40194
57185
16708
39950
40054
39950
40775
40523
39741
39918
39810
40866
40414
40829
40450
40227
40285
40949
39922
40368
40463
40749
40812
40891
40223
39926
40380
40868
39960
40161
39686
40737
40627
40331
40352
40065
40456
27914
2488
40614
40883
39911
39827
23104
40425
40052
40718
40598
40599
14810
39680
40576
39776
40765
54850
40698
40613
40406
40261
40558
40647
40278
40116
39992
39937
40673
39931
40822
39837
40256
40568
26933
40000
35202
40555
39708
40661
40610
40668
40305
39873
39835
39905
40051
40326
39972
40691
40110
40946
40374
39858
39796
40840
40462
39788
40545
40794
40123
40127
39767
40866
40244
40756
40581
39963
17740
39699
40580
40671
20730
40649
39874
39830
40689
39747
39691
40435
40959
39728
40913
40577
39943
40212
40244
39783
40111
40325
40119
40158
40718
40000
40919
40877
39855
18206
40646
39860
40777
40306
39963
40830
40492
61477
40559
39788
40719
40068
40140
39791
31075
40639
39720
40832
52172
39789
40409
30115
39916
39869
40630
40823
39692
40433
40682
40571
40236
39826
39683
39797
40705
40262
40142
40924
40205
39376
40842
40858
40086
39906
39720
30191
38308
38829
38735
32901
38707
38378
38247
10928
38379
56499
39063
49578
38169
38657
38421
38753
39418
38745
39419
7522
38843
38601
46783
39199
39071
38867
38295
39139
38204
38850
38385
38396
38946
39104
38917
56283
38246
38420
38623
39192
38982
56020
38301
38385
38489
39401
56895
38734
38855
60362
38852
38912
39133
39104
38146
38665
39247
64259
38186
41044
38447
38833
39056
38466
38960
38252
39182
38391
38258
38291
38661
38235
38801
38608
38551
39247
38408
39095
38447
38495
38774
33753
38791
39351
64161
38592
38715
39383
38358
38613
38418
38362
38877
39272
39275
39346
38153
39402
38270
38763
39231
39060
39144
39371
41374
38639
38453
38458
39041
38389
38918
39135
38229
38969
38437
38710
38593
38457
39353
39401
38810
27432
38887
38980
38798
23014
38707
39356
39047
38618
38192
38958
39396
30746
38823
39327
38534
39254
39074
48799
39220
38789
38351
38530
38166
39245
39126
8448
38452
46588
38937
38527
17140
38854
38623
39382
39115
38918
39127
38982
38521
39322
39100
38330
39247
38357
38530
38934
38648
38818
39050
39214
39286
38930
39020
39381
39074
38246
39326
39069
38464
39295
38945
38938
39349
38642
38204
38596
39072
39390
39258
41541
39353
57679
38901
38964
38574
39042
38905
31454
31811
32192
31343
31288
31469
31950
31083
31535
13016
31052
32113
32140
31007
31225
31850
32067
31026
31811
31533
31908
3096
31326
31849
32194
31975
31197
31543
30994
31813
31803
31318
32016
7794
31821
4626
32238
31081
31295
31239
31129
31507
31136
31443
31505
31937
48114
43439
32154
30989
31115
32021
32021
31761
31175
31599
32151
31640
31072
49605
31474
31271
32183
37316
31758
36261
15437
31530
31627
62675
32049
31825
32174
32183
31314
32210
31353
31109
31456
31164
31449
18338
31471
31919
18538
31519
31942
31680
32238
32115
31426
1148
54035
31349
52337
31929
32218
32120
58092
31566
32133
31339
1347
47263
31075
32157
31541
31732
31846
32033
31817
32089
26496
32191
31018
31945
31757
31993
31573
32154
31754
31475
31275
31342
31410
31844
31484
31317
31482
31868
31363
65338
31438
32110
31045
31103
31935
51078
31597
31005
1433
30977
14154
31851
31606
32043
31503
30986
31127
18071
31045
31456
32003
31993
32225
31284
31080
31896
31739
32244
32241
31936
32085
31759
31938
31290
31670
32054
31579
31935
17662
32196
31523
31094
31319
31193
32055
31624
30978
31519
31553
31860
31216
3780
31035
31601
54641
32172
31197
32211
31484
31924
31434
18431
55273
31840
32130
32175
32160
31116
38429
39111
38534
38567
36209
38338
38781
39249
38732
39187
38461
39094
38952
38676
39240
57122
38560
39186
38774
38223
39028
38910
39137
39013
38884
38625
38545
38283
38979
38200
38285
38360
38532
38700
38783
38543
38929
39111
38563
65441
38530
38860
38967
38925
39109
39321
38547
39294
38973
38368
38996
36673
38661
38517
38375
38403
38503
39366
38209
38863
38312
39187
38703
38992
38614
38620
38258
39105
38360
39305
42520
38223
38217
38589
38813
38789
61611
38748
38478
56492
38310
38676
38451
38489
39129
38469
38581
39140
39226
39375
39205
38942
38392
39191
38816
39337
39152
39034
59278
39147
31877
38760
39209
38965
39043
38194
38854
38448
63268
39090
38504
39011
39396
38364
38923
38952
22757
38714
38468
38798
38736
38215
38636
38164
38254
3951
38202
46157
38615
39268
38503
39317
38301
39292
39242
38257
38458
38241
38612
39159
39000
38354
39193
38405
38454
39133
39205
38570
38410
38314
38751
38477
39126
38164
39391
38351
38792
175
38206
38581
39158
38355
38158
39179
38870
38254
39241
39276
39048
39240
38742
39038
39387
38868
38652
39287
49661
39273
38857
38477
39257
39203
39385
39202
39014
38811
39130
39186
38547
46115
38814
39064
39269
38922
38862
15394
39186
38309
38432
38812
36277
36484
37325
32822
37328
36419
36209
47888
36857
36727
36808
36312
57455
36387
37266
33991
37068
36250
37237
36326
37241
36865
36574
35443
36299
37053
36852
36798
36210
36130
36549
36939
37176
36663
43580
36338
37159
36235
22898
37014
36385
36678
36428
37078
37126
36558
36606
36443
43293
36722
60979
36170
36115
43750
36395
36409
36367
36441
36318
37100
36786
42422
37354
36891
36775
37137
36981
46179
36532
2547
36460
37173
37032
36944
37005
59566
36661
36630
36543
36719
37081
20311
36796
37133
37114
36843
36685
36233
37049
37002
37204
36839
36473
36436
16539
36570
36525
36616
37278
36529
36580
37374
36168
36927
36905
5608
38714
14684
41325
36215
36125
36843
36933
36660
36260
36567
10214
36514
36895
36441
36631
36999
36873
36694
36393
36400
36670
36848
36803
36568
37225
3072
36926
36536
37022
36114
36721
53222
37375
36409
36953
36768
46916
37260
39457
37069
36222
36318
37144
37137
37248
36519
36910
41819
36490
64821
36657
37182
36258
37012
36839
36337
37185
36141
36446
37298
36832
48955
53280
36422
37328
36667
36906
37135
19054
36739
38960
9800
37032
36438
37026
29761
36316
36934
37033
37237
37180
36530
36286
37330
36936
36879
37333
37006
37097
26731
37299
37240
36454
58463
32777
34046
33946
33952
33198
42696
33619
287
34000
33448
32886
33904
32772
45944
33468
33092
33216
33714
33821
12793
33887
58851
33889
33146
33273
58239
33965
33109
21851
33509
33786
33722
32923
33351
11750
33143
33033
33380
33706
32912
33148
33956
33668
33743
35428
33569
33776
2853
46637
33562
32779
33026
33091
33707
31122
33788
59128
33636
33626
33588
34041
32948
33849
33603
11741
33937
33788
33496
33394
33453
33478
33757
33354
30176
33610
33646
33201
33789
33106
33191
32878
33575
33890
33384
33580
33528
33500
32783
57263
33924
33345
33624
33252
33243
33480
33296
32985
33499
33278
33498
33782
29954
33559
33589
33331
33943
33629
33981
33021
33887
32935
33669
11537
32989
64624
33064
33605
32989
33979
32836
33740
33430
32959
32970
33424
33787
33003
33549
34043
33490
33786
33633
33153
5691
33966
33944
33843
33836
32770
33671
33661
58479
33725
33380
33520
33475
33554
33424
32958
33425
33186
16210
33301
33575
8076
33147
33733
33024
33095
19930
32836
33822
33330
34029
33009
34652
33987
33482
33009
33286
33839
33451
44624
32966
33720
33342
33457
59516
33389
33197
33017
33310
33427
32985
33474
64246
33936
33532
33001
32799
33357
33263
32776
32797
33666
33874
32884
33390
33419
54901
13428
13964
13523
14318
14195
13946
13462
2219
13278
13923
13458
13261
14052
13819
60311
14229
13760
13365
13126
13466
14224
13462
13258
14091
13258
13085
13332
14165
13549
14075
13692
13969
13708
13274
13214
14120
13058
13829
13320
13839
14158
13158
13458
13208
13071
13782
14179
14273
23990
13883
13229
13359
14309
13214
13268
13730
19684
13787
14090
14273
13194
14078
5051
44930
32202
13248
36548
13686
13484
14194
14119
13581
13442
13701
5533
13319
14261
13894
39829
14169
13121
14001
14067
14063
13071
13165
14100
14059
14174
10222
13119
13669
13913
1654
13366
13193
13933
13322
13913
13792
13732
13487
13201
14223
14318
13675
14286
13930
13510
14295
14097
13708
13069
13303
36288
5453
13851
41110
13775
13815
31023
13838
13908
13955
13279
14108
13881
13118
13133
13594
13705
13981
13552
13434
47578
13681
13472
13793
13663
65151
13107
13876
18320
13216
14146
13664
13197
50219
13063
13359
14142
14173
13844
13896
29997
34457
13294
36315
58174
13978
13551
13110
13827
30401
13956
14158
31619
13143
13385
13583
13312
13644
13682
40138
13961
14032
14055
2884
13897
13250
65340
50488
14147
14205
1758
14158
13198
13267
13107
13499
13917
13213
14068
13790
13248
13060
13541
51468
13810
14229
1160
543
1600
858
1456
60946
559
725
1617
1195
1631
877
1686
1543
686
867
1027
631
1388
562
1383
611
12355
1539
1080
721
1195
63246
1731
30646
960
1075
1069
1307
926
1694
1405
1217
1722
1589
697
919
757
1185
1731
1717
1526
1481
1221
56731
928
43666
1024
1472
807
63151
62996
1607
1129
21721
827
1086
1329
569
1257
1135
880
742
1119
1328
1087
888
942
55882
1737
20864
765
20215
1347
1560
42995
699
36147
1325
1410
1074
1314
64175
547
1399
637
562
1223
1732
1624
917
806
805
173
1750
1487
896
688
1561
714
1036
1015
1658
761
1287
688
30000
37298
524
9844
1318
1135
1642
2525
1047
908
1468
1179
1024
1090
43437
894
1542
1572
619
1318
967
860
1321
1326
881
1632
806
1372
739
617
969
48938
1133
927
827
672
542
592
670
1580
642
888
1158
1414
57345
876
1510
1538
550
1724
627
1580
1259
1171
1139
577
1215
843
828
1079
1724
1435
1289
1198
826
631
1291
10590
23237
1696
40223
1159
946
1127
1042
1517
1549
1730
1217
1375
1717
1738
1771
1240
1325
1455
1705
521
685
23238
23634
23729
23623
24065
23604
23445
23826
24246
54956
23837
23525
596
23956
57370
23751
23954
23155
23112
23715
23234
24281
23452
23667
36995
23772
3190
10015
23699
23621
23451
24242
24297
24088
23874
23703
50796
23898
24028
24190
23782
23612
23227
23205
46897
23917
64507
47268
23162
23590
23043
24154
24121
23373
8086
23557
24298
24047
23495
23632
23724
24065
23741
23278
24245
23193
23224
23219
23656
24239
24151
17839
23332
23278
23459
14831
24106
23402
23422
22931
23714
23355
23441
23258
23790
23238
23342
24080
23482
20985
24044
24213
23309
23533
23496
23998
24093
24089
23220
23774
24058
24165
58490
23794
24027
23205
23468
29058
30654
23259
47539
24249
50782
23507
23121
24128
23047
23377
23609
23901
23224
23748
23744
23378
24275
23887
23928
23560
24175
24163
23562
23880
23976
24181
23255
23908
23498
17931
10371
23975
24204
24017
23337
23828
24004
24187
23049
24228
23604
6803
23770
23311
9336
23680
24217
23458
24107
23722
23544
49933
23339
23892
23916
23256
23218
24306
24145
23863
24042
23534
23137
23588
23850
23710
23753
23123
5498
24288
23185
11531
23107
23831
23747
23337
23909
23332
23221
23373
23077
23900
23416
24180
24054
24173
23777
23318
23215
23576
24271
2442
60007
53937
62704
62253
61768
62571
62479
62380
62559
61605
62315
62595
61966
61994
62220
62430
62719
62645
61509
62711
62692
62708
62548
62562
62016
31474
62480
62265
62664
62708
62105
61876
61886
62159
61936
61536
62582
61676
53284
62233
61470
62062
61753
62266
62059
62580
61612
61917
62548
61563
62362
62575
61631
62694
62560
61585
62425
61851
62412
62621
61464
62467
62108
37068
62261
61784
61900
61576
62520
13863
62025
62135
62187
62349
34069
62619
62339
62366
61936
61468
62298
61729
62046
62678
61607
62630
62180
62094
61611
61713
61773
62202
61997
35432
62640
61602
37001
61576
61448
62504
62529
62392
62351
61516
61961
61873
63272
62400
61986
62051
26288
62130
62510
9065
61827
62621
62413
62681
27939
62268
62215
62374
61953
61808
62675
62570
61865
61914
62328
61456
62250
25183
62608
41310
61541
62472
61816
61819
61565
61981
62318
51119
62083
61708
25000
62495
61896
62660
62563
61777
13649
62428
43871
61506
62180
62689
61735
62302
62450
61937
62002
61990
62131
61758
62239
62528
11511
62485
62078
7407
17745
62080
61949
62327
61677
40696
62675
62253
51644
61455
62282
62486
20564
62103
61563
61906
61924
62285
61817
62112
62539
5607
61990
62541
62296
62121
62068
62663
61461
42921
40628
33611
39572
40620
39830
5108
51664
40491
65155
40658
40316
39793
50389
6814
39561
40325
39681
40416
39904
39557
39960
39465
39436
40526
40622
39893
40283
11699
39673
40162
39875
39560
39681
39563
40012
40666
40445
40549
40292
40700
40104
40077
40644
40443
39823
40124
39487
40147
34430
39520
39530
39544
20189
39448
39661
39846
39746
40659
39467
39692
39593
39563
40464
40503
42998
39518
57935
40139
39969
39711
39433
40441
40199
40039
40301
40279
38407
40546
39846
17799
40583
51678
39671
47191
40049
16840
39603
40368
39967
39544
40044
40566
42485
40634
40670
40043
54518
32562
40256
40520
40186
40231
54924
2203
40502
27097
39947
40254
39952
40278
39630
40532
40504
40350
62924
39599
56119
39535
39634
40498
40235
40192
39425
14728
39587
40640
39531
39888
40450
40130
39651
40211
40240
40164
39585
40426
40502
39894
40306
39669
28341
39733
40315
40491
40344
40227
39945
40096
40123
39913
39571
40479
40123
39466
39893
40097
39684
39589
59354
40430
40027
40673
39897
39746
40294
42839
40174
40448
21230
20198
39613
40562
40524
29228
40423
40551
39487
39728
25033
40348
43271
13629
40401
3786
40462
39690
39531
40255
40400
40592
39983
39625
40591
39755
39935
40049
39696
39818
40186
39795
52801
28058
28229
27770
28192
25408
27487
27776
12709
27854
27675
27517
27236
7578
40851
28323
27798
27177
27709
27498
55873
27637
27296
28003
22316
27889
42077
27675
28268
12216
27806
58690
27741
28321
27869
28099
18686
28348
28267
27499
27650
25608
28274
27431
27583
28162
27178
28390
28352
60914
27431
5495
27144
27849
27356
28037
20980
28218
28280
27249
28404
27192
41016
27362
26772
27617
28217
28315
27978
45365
33517
27789
28415
28184
27956
27775
28297
27211
27389
27814
4590
27546
25051
27781
25865
28207
28413
27602
27760
27518
27727
28103
27501
27150
27985
28077
27169
28309
27337
27615
27394
27665
27821
28323
28111
9898
28084
27464
28041
28052
3570
27849
27430
28201
65311
27173
28155
28080
27891
27317
27867
27626
27483
28384
27609
28000
28341
28404
28273
27401
27461
27985
28347
28376
28120
27994
28066
27681
9353
32612
27856
27279
27273
27613
28177
39219
27716
27843
27586
27794
27750
27998
27791
27784
27490
28316
27274
27905
27396
28396
27807
49365
27446
28193
28413
27419
27989
27215
27805
27484
28300
27658
55694
27552
27469
28150
27417
43849
28001
28238
27158
23257
27224
54126
28243
28088
28095
27603
27727
27348
27881
27450
27649
28337
27279
27607
58342
27473
27827
27881
35971
35204
35353
35254
35597
35140
34936
35054
19352
35719
35863
33724
35668
34904
47281
48519
35428
65494
35021
35311
39608
35906
35654
35976
28930
35439
34957
34880
35315
35967
34169
35189
35285
35095
34966
3981
35987
35136
35947
35482
35279
35177
35383
35365
36023
35840
35129
35556
36909
34911
35035
35063
35532
35972
35184
35721
35849
35881
36078
56530
35976
35418
35245
34904
35448
34856
35532
35605
35670
35896
35228
62200
32451
34919
51645
35156
35800
35422
35364
35555
35458
35794
35208
35728
35162
35815
35687
34863
35301
35932
35581
4491
26387
62718
35057
35096
35790
35035
34966
34931
32324
35632
35405
35425
35505
35281
35040
35155
35438
35086
37202
35957
35715
35805
35104
35500
35020
35068
34885
40468
35360
36078
35183
35733
35427
34819
34862
35921
34940
35037
35585
35909
35419
35124
35939
35481
35358
35709
65398
36010
35624
35046
35965
35188
36034
33804
2745
47996
35848
35583
35984
35748
35807
35734
35401
35775
35963
36081
36861
35872
3927
35159
63040
36057
35431
35648
34897
35740
35087
35631
35288
35732
35628
50596
35836
35181
36040
35517
35397
36074
35127
35471
35539
35880
35152
35629
35879
35057
36069
35849
35492
35711
35364
35790
35817
35641
35019
34839
35634
35726
32714
43139
43472
43016
43096
43015
43180
43581
43405
42829
43670
43599
43145
43939
43889
43992
43734
43853
13746
43255
21394
42900
43393
43048
43625
42986
42882
42851
44003
43656
43236
42883
42954
40565
43112
43575
62497
43560
43071
42800
42924
27892
43908
63482
43911
43187
51239
43216
43905
42979
43788
42869
43252
43476
44029
43730
43491
42819
42948
37527
43472
43540
34500
43009
43358
43877
43051
42932
43695
43301
43978
42979
42844
14370
43299
52139
46347
42834
43629
43752
42997
43095
43143
43239
43782
43658
42989
43995
43236
43835
43889
43282
43311
43624
43366
43039
43043
35201
24387
43277
43635
42854
43365
56369
43635
43896
44029
42893
43358
30500
42987
43244
55141
44479
43141
34755
43390
43662
43666
13170
43293
42954
43117
43273
43336
42963
42763
43777
42860
42922
42915
63270
43316
43597
43495
43568
43940
43789
43429
43551
43816
42879
42877
43664
43128
43097
42827
42815
43571
43402
43487
43205
43355
42905
42804
42894
43560
42856
42959
48273
43922
41239
43504
43441
45346
43509
43899
42979
43138
43067
15574
42815
43649
43156
43793
43088
42904
57034
43725
43372
43082
43611
13461
44232
43918
1568
44007
42783
42846
43637
43057
43306
43812
43545
43124
43248
42912
43939
43016
42912
64800
64662
64612
64508
64718
65450
65133
64980
64909
64289
65412
65433
65310
64394
64900
65108
65339
64744
65529
65246
65346
64836
64642
65498
64945
63987
64438
65334
40344
64462
64581
64308
64788
64604
64785
65447
65029
65433
65529
64736
65341
64909
64616
65125
4313
64852
64936
25467
65106
64351
64567
64861
64494
65192
65042
64491
65129
65494
65144
65529
65331
64605
65148
64584
65210
65192
64372
65356
38230
65495
23859
18913
64633
64889
64657
64581
64521
64704
65534
5036
65456
64990
64855
64892
65208
63655
65365
64708
64259
64886
36130
65186
65195
64464
17579
65188
64987
64318
65418
54916
41472
62719
64518
64302
2248
64511
64625
64996
64864
30392
65523
65385
64335
64321
65369
64548
65489
65427
64823
64616
65002
65364
65328
65049
64785
65144
65329
64932
35849
64348
65220
3513
64756
64902
5661
65381
65466
64856
64522
64881
65472
64256
65119
65393
64892
64598
64433
65328
64803
65195
64487
65176
64489
64529
64267
64522
35352
65080
65275
64442
59416
65223
64459
58921
64971
65203
64566
64806
65361
65042
64748
64635
21123
65083
65444
18260
64266
64985
65111
8620
65340
64689
64555
65098
65434
55960
65204
16804
64713
65147
64304
65506
34223
45321
64376
64394
65001
64893
30874
65266
59312
59418
58807
21992
59819
58667
58942
58770
59315
21832
59836
59253
59863
59512
59283
59787
59510
59317
58995
59403
59324
59265
59243
58930
59520
59025
36275
59313
59756
58925
58921
58947
58875
59486
58698
58819
59661
7994
59110
59543
58657
59134
59237
58674
59875
58749
59363
59775
58683
29950
59516
59782
59874
59025
59863
19251
58679
59405
59217
58642
58642
59738
58861
58661
58710
59100
59093
59249
59659
59539
59588
59166
59669
58649
59883
59785
58911
59863
59522
59630
59010
58749
59538
59733
58657
59551
59428
59468
59552
37581
59733
58845
59857
59394
32654
59600
59384
7147
59535
59751
29753
59639
40955
58838
58627
59192
59410
58897
59584
58978
58885
59196
58852
59407
59226
58627
43073
59195
58685
59874
59201
59845
59015
58968
58849
59844
59555
59316
59880
58755
41540
58931
59004
59057
58704
593
58897
59193
59155
59390
1615
59573
59078
59071
58724
16481
59124
59330
59185
59622
59074
59465
59222
59823
59420
58702
58936
58690
59030
59204
58767
36085
51560
59336
59488
58819
58706
13686
59159
59251
59878
58827
59424
58984
47550
59488
50488
59762
41428
58653
31830
26808
63665
58721
59339
64636
59080
59566
59886
58741
1914
59095
59728
59310
59040
58729
58788
59123
58846
59527
52027
51174
51443
50987
51738
51213
51845
51152
51846
51193
51400
51158
51843
36405
51097
51779
51084
51414
51901
52086
51983
28115
51601
51617
51490
51178
51704
51464
52195
63611
51121
51610
51906
51768
52101
4319
52105
51340
51075
51612
29053
51087
31716
51039
51624
51576
51648
51205
17619
51571
50987
52056
51916
64148
11464
51905
48779
51468
60211
51174
51948
51467
51099
51189
51590
50960
51865
51409
3226
51435
51320
14639
51643
52137
51640
51447
51937
51292
51849
51556
51127
51140
51795
51584
51663
60332
51372
51612
50948
51598
51456
51427
30058
6042
50986
52158
51391
309
51835
51751
51244
51959
52017
64629
51003
51049
51764
51515
51852
51840
52174
51381
52093
52175
51809
51932
42444
51965
31186
62952
51807
51492
51184
51745
16072
51950
34094
52217
51246
51387
31977
51756
51996
51866
29952
51050
51648
5999
51940
52012
54704
51752
51318
52188
51938
51802
2354
51905
65381
51981
51168
17869
47059
51660
39320
4729
51191
51698
12857
14754
51837
51435
57431
51724
51095
51970
51180
60851
51867
63251
52094
51125
51524
52017
51580
845
51553
51744
52176
51351
51177
51632
51210
5957
51505
51828
51130
51556
51250
51519
33847
51415
52216
51372
51579
51532
64013
51495
637
51490
32714
37390
31577
32636
32525
31720
32741
32050
32528
31834
31958
31697
32233
32046
32033
10073
32612
32573
32347
32160
16323
44702
31647
32156
34939
32759
32458
32611
10320
32364
32518
31529
32218
31753
32100
32370
32745
32204
31808
31621
31591
32434
32376
31808
32110
32618
11915
55253
31575
32200
2958
31789
32208
31718
28563
31994
31563
31962
28469
32434
31811
32065
32343
31605
31996
32615
32715
32604
31658
31942
4053
31958
31751
32639
31735
31762
21899
31960
64895
13140
32621
31759
32246
31642
32738
32447
32473
32517
31678
14169
32278
32505
31700
14270
32339
28001
39491
32141
32552
31774
32324
32583
32306
15016
31855
32029
31932
31644
32056
31934
32442
32149
32234
32191
31584
32518
31874
32270
32666
32055
32631
31632
13796
41212
32474
11770
32193
32213
32498
31907
53752
32626
32501
32416
31935
32528
31942
32011
32656
31825
31969
32719
32169
32370
32206
31526
32493
30701
23397
15647
42881
31594
32613
33369
32433
32511
31948
32131
32458
25986
31552
32012
24891
31793
31539
32172
32193
32488
32028
16245
32378
34411
32581
31800
32755
32357
32576
32476
31590
31759
62242
32407
32671
32157
32038
32470
47052
32366
32018
31617
32423
32366
32534
32717
32086
32288
31843
31870
31813
32065
34078
34294
34487
34239
34559
9496
34290
59421
33576
31017
34005
34321
34205
33853
51136
34219
33568
34422
33491
33625
33641
33333
49669
18526
34373
34336
34199
34095
34158
33693
34169
34376
33977
34309
33537
33305
34373
34216
33677
33860
33917
34209
14088
57722
34493
34394
33706
33383
33795
33932
34026
34139
33703
34535
33787
33746
12153
33341
33884
33314
33461
33608
34316
33434
34411
33785
33856
34386
33933
34386
29228
34247
34035
33625
33829
32829
34349
34179
28206
33977
34328
33688
33293
33966
34128
26973
33543
34306
34248
34131
34349
34393
33315
33874
33350
33777
34308
33587
33798
33993
34187
33474
34240
42589
34243
33455
34110
33958
34201
34957
33398
34220
33824
34448
33620
33940
34378
33775
34381
27204
33860
34173
57315
34474
33705
34107
34096
33931
34510
34499
34315
23668
34454
34230
33551
34084
34388
33986
33534
34472
33552
34060
34266
33702
34025
33584
34099
33778
33615
34105
33806
10334
33953
33301
33403
33815
34255
33614
33311
34155
33772
34254
34130
34497
33953
33582
34270
33837
34134
33827
34017
33706
34132
33462
33734
33731
33702
42735
34021
33557
34367
33611
22578
62645
51883
33827
33640
33311
33762
43200
33906
33597
34046
33510
34147
6108
33555
33755
34501
34048
44914
26946
26990
27429
11649
26812
26629
26796
26519
26743
27646
26679
27095
26952
27191
27053
27497
26571
26731
26489
26433
22777
27629
27608
56503
27536
26788
26992
27579
27137
26708
26486
27483
27026
27645
26955
27238
20681
27293
27491
27436
32651
27095
27386
26863
26505
27000
26376
27400
26947
26870
65409
27488
26614
27630
27161
49813
26730
52949
26766
27645
27010
26679
27223
26480
27466
26442
45510
27350
26417
26753
27413
57452
26985
27670
27485
27090
26402
26951
27553
26927
27241
26641
26907
44742
3140
27098
27043
26424
26970
27386
27377
27563
27027
27361
27227
26760
26997
26596
27296
27082
27078
26606
27183
26375
26611
27251
809
27193
26509
27188
27120
26898
27034
27068
27013
26885
51201
26739
27585
27151
27385
36486
27031
42767
27005
26978
26498
26597
27431
26545
27130
26557
26842
22018
26400
21475
12907
27524
27564
27312
27220
36890
26725
27163
27328
26380
26762
27126
27572
27441
27285
27324
27006
27397
26759
27428
26558
26758
26387
27293
27215
27387
26644
27538
27237
27216
27419
27377
26975
26499
26855
41277
26760
27257
27194
26514
27222
27561
27629
27196
26968
26753
27164
27515
27436
27121
26719
27490
27489
26827
26761
27474
26980
26981
27603
64266
27478
42872
52873
63008
62800
63218
63706
62605
51194
63630
63574
63093
63248
62665
62702
62487
62557
32789
62804
63409
30611
62604
63439
33477
3029
62952
62900
13011
63081
62495
63495
63144
63237
63592
62878
62580
62984
63556
65092
62890
63115
63387
63103
63636
15768
63465
63074
65423
63257
62862
63115
62786
38541
63620
5300
63121
63330
63133
62603
39431
63520
51302
63230
62981
62654
65258
41513
62641
62698
4623
63740
63198
62540
62979
62786
63575
27184
62711
64228
63422
62581
40589
63666
31482
63032
63680
63498
62631
5823
63366
62782
63567
63416
62762
63728
62614
63236
63735
63500
62600
62508
63620
62648
38993
63355
60687
63251
62960
63733
63723
63380
63567
31001
63218
54815
62532
63738
5989
63421
63246
63030
63448
63701
63603
19247
62831
63674
63237
18344
63295
63438
63495
62514
63556
62961
62668
62811
63197
63655
63581
63005
63264
63598
62777
63191
62844
63040
63845
16983
46846
63028
62568
63668
63515
62703
62687
63643
62578
62867
63320
63284
63450
63092
62823
62856
63212
63281
63703
62827
63426
63017
62509
60741
62632
63119
62938
63188
62958
62919
62611
62894
63200
63036
62865
62884
62549
62674
63682
11564
62900
63200
63452
47868
63734
63159
62689
63302
62686
63593
50027
62518
63669
63674
51032
51163
18442
50763
38765
29185
51314
51857
62400
51457
50726
50933
51365
60192
6462
50846
50755
50930
51290
51525
51886
50720
51337
51957
50908
50909
51426
51864
51721
50829
51167
51470
51714
51104
51496
51190
50773
51211
51937
50996
51781
56454
51779
51794
13134
50775
51343
50726
50909
51918
51087
50770
50886
51032
50981
51521
50925
51673
50898
51647
51198
51587
50732
59378
51769
51158
51066
50907
42165
50691
51030
51957
51110
51094
51513
63449
51362
7822
50732
51452
50915
51372
51412
51747
51189
34644
51884
5818
51229
51691
51113
51762
51782
51053
51089
51647
51077
51373
51959
51703
51911
31397
51338
50843
50823
51898
51895
50786
51894
23010
51236
51848
50912
1349
51759
51564
50714
51941
50855
51336
32301
51366
51478
38843
15836
50775
51240
51782
51851
50892
16794
51847
51278
51210
50810
51138
51719
50693
51623
57736
51119
50774
51263
51101
51465
51887
51356
51009
51215
51800
12714
51259
50696
51169
51572
51079
17327
7034
20994
51340
51338
29991
16702
51690
51496
51072
51017
51380
51734
51738
51845
51890
51519
51206
50816
51060
50699
51497
51699
51086
51560
51414
50888
51115
51429
51051
51861
51880
51530
50974
51292
51122
50839
50982
51916
50978
50816
51547
28389
50911
36266
36175
35379
35283
35694
475
35623
35485
36096
36301
4023
35379
35305
36064
35431
35290
35811
26219
36283
35589
36210
35849
35625
36313
40641
35291
35782
35159
64169
35943
36266
49627
35989
35755
35457
36295
35305
55032
35240
35787
36275
35841
35293
55387
36333
35806
36105
41628
35614
35992
35374
36295
61324
36322
49988
36093
35251
35484
35630
35372
31850
35973
35803
35205
35333
36318
36348
35968
26638
35200
36268
35933
35855
35359
36096
35822
35971
35922
36053
24395
35956
35650
36281
35925
35727
65474
36081
36205
18977
35291
35652
35525
35929
35460
36330
35623
35522
35751
35488
35394
35778
7971
35152
35128
35939
36106
36298
39132
35619
35825
35945
36054
35536
35187
36128
36006
36203
35728
35301
50346
35746
35982
35367
35987
36015
35232
35786
35452
35615
35955
56210
36010
35666
35927
35906
35527
8453
35126
33818
36118
36275
36047
35318
35754
35283
36257
35890
36221
36018
35393
35999
35268
35867
36168
36252
36351
35719
36140
6397
35567
36047
35802
35079
36145
36053
34077
5301
36311
35262
35338
35718
35379
35173
35557
21407
36133
36242
21552
35754
63839
35770
18528
35441
35687
35269
36006
35362
35164
36121
36330
35620
36022
36107
35994
35976
35125
35760
35988
35708
35682
18054
18499
17935
18331
47496
26836
18404
34618
18319
17466
18088
22066
18327
31163
18417
18394
18195
17830
18143
17968
18517
18505
99
18382
17730
18115
17657
17543
17723
18156
18434
17811
18155
18118
17891
17877
17883
17533
18640
18325
18537
17624
18480
18183
18339
17846
18678
18269
17884
17461
18137
18054
17501
18040
18293
17763
704
17612
18257
17866
18084
60460
17927
18494
18024
18411
16114
18222
18283
18416
17818
17458
18375
18371
18219
18323
17639
17447
18074
17986
17609
18566
18312
18199
18328
17646
18666
18326
18476
18315
17700
18051
17878
18681
17526
17797
18280
18065
18551
17430
17420
40267
40470
17878
17685
52604
17805
18447
18667
17566
18230
17838
3215
18595
18037
17941
17948
5333
18250
55985
17776
17519
17681
17600
62556
14700
18008
17606
17585
17818
18482
51834
18544
18492
17506
17440
18296
25160
17995
18678
17697
17429
17450
46659
38048
18687
17412
18583
18060
34111
18174
17842
17940
18686
38887
18638
17849
17874
11350
17787
18313
45614
17995
325
5974
18256
18596
17737
18498
17948
17975
18216
17636
18529
18234
17710
18577
18534
18276
17872
6392
18032
17749
18063
18687
17796
17535
18332
17848
18423
17830
18645
17706
17681
17755
18147
18063
12881
18536
18234
46941
46824
46377
47450
47213
46657
47317
46440
597
47469
47344
46467
47615
46778
47269
47524
40196
46460
54367
34137
46898
47418
46469
48767
46972
46451
46612
47448
47508
46418
46941
47019
47085
46526
47582
47528
47274
12840
47541
21211
47615
47160
47341
47015
46657
47077
47384
29288
46675
46754
44336
47142
47412
46652
46389
47066
61263
46703
47235
46989
60219
47589
46995
47014
47487
12609
47313
46705
46412
46602
46432
47224
46934
47091
47191
46476
59015
46822
47004
47540
47138
46960
46355
47553
58135
12931
47110
47465
46786
47445
14199
47320
47186
25109
47371
46720
47416
47182
47587
46359
47135
46499
46636
46452
46663
18152
47114
47116
47239
47582
6072
46742
48061
46861
47057
47484
47249
23368
46881
47209
46421
46837
47611
47499
47424
60697
46808
46390
47548
46539
47386
46682
46406
2548
46787
47461
46463
47433
46591
46417
46790
46613
47528
17896
46670
35275
46632
46879
46862
47164
46851
41917
46617
47097
46538
46710
44166
47291
47587
47568
47124
47019
57275
47160
47279
46918
47159
47381
46573
47298
34414
47351
21142
47189
47093
47079
47432
46637
47048
46179
47124
46640
46878
46662
46596
56683
47012
46799
46643
47157
47517
46612
47284
46875
46769
47387
47251
47437
47202
46968
65001
64424
65263
64182
65160
65053
64280
65186
64080
64945
16956
65125
51534
64580
64119
64617
64635
64040
29114
64861
64048
64985
64743
64285
64224
65255
64129
15146
65083
65163
64529
101
65136
64242
64030
64486
64147
64142
29134
64205
64686
64708
65055
64994
64765
64296
65152
64978
55421
64142
64243
65221
64154
64376
65106
64397
64269
65071
64410
25760
64712
65200
54415
64317
64902
64767
64380
61895
65044
64437
64706
4807
64488
64903
22531
64072
64444
64284
64408
64243
64126
3554
64670
64341
65158
62104
64984
64015
36619
65212
64808
1174
64075
64388
65262
64637
64100
15710
65038
65149
65214
36776
64217
60622
64857
64050
64522
64166
64113
65075
64578
64386
64857
64355
64834
64923
64944
20048
64451
64607
64326
64595
64597
64601
65110
65131
64893
64787
64843
23555
64828
4055
65084
2612
64056
64115
51804
64969
24990
64189
64546
64225
65227
64750
64694
64663
11176
65169
64760
64174
65241
65137
65045
64292
64576
64063
64721
64504
64161
64943
43462
64415
64911
64411
64752
64125
64319
64382
12946
27061
64584
64657
64564
64375
65122
64722
64512
64369
64074
64275
64326
64694
64022
64165
64991
64144
64941
65241
64832
65086
64073
64548
65114
65128
64875
65168
64806
64153
64347
64199
29655
29531
29627
29494
30276
29549
30639
29720
30639
29896
30355
30018
37211
45684
29683
30422
29740
51444
29913
29988
30166
54143
29788
29597
29727
30011
29488
39163
30441
30000
29447
29765
30525
30591
29483
30572
30151
30335
53972
21776
29642
30457
30474
40330
45354
29817
29653
30437
30346
29824
30350
30683
29828
30483
30701
30440
29810
29511
29499
49872
29589
30169
53716
30481
40726
29645
10793
29441
29626
30661
30603
30440
30610
29902
29510
29802
30204
30615
30685
30034
30430
30252
29917
29764
30696
29995
30383
29562
29665
3573
30554
30606
1367
30501
29491
29450
29759
30672
30621
29821
30003
9050
64493
30087
30416
30227
29694
29888
29713
30247
35776
30537
42463
30519
29922
30519
6411
29491
30028
29643
29791
30175
30673
29982
30019
30447
65145
30083
30061
29787
32627
30062
29933
30692
30081
22447
47290
30003
30164
43265
29856
29975
29663
30561
30478
29970
29455
30369
30443
30238
30638
37301
30702
29752
29642
29881
30461
30585
45982
54250
30043
29937
29513
29824
30189
30592
29762
29445
30497
30686
29725
29911
4064
30277
30316
30274
29637
29579
30542
30306
29981
29707
29531
30685
30626
49744
30264
42974
30492
29761
30064
29478
29577
29567
29983
32043
43576
48378
30679
29769
61209
61036
61564
61382
61112
12990
61168
61193
61301
60494
45376
60860
61611
60727
61562
61040
61605
60621
9745
60586
52443
61453
61248
10314
61215
60890
60741
61470
61070
60963
61410
61071
60908
61374
61137
61037
60903
61106
61672
61056
60497
60777
60465
60673
8607
61551
60924
61232
60989
61330
61369
61598
60451
61531
60646
18783
61467
60980
60751
61661
60791
61631
60979
60611
61533
61605
60714
7613
60461
61584
60721
60858
40503
61382
60612
60554
61560
61578
60698
60600
61338
61388
60587
61254
60599
61195
7681
61188
61301
61163
60535
61146
61023
50727
13094
60853
60829
61191
61461
60940
61554
60562
61580
14119
60504
50298
58728
61507
61033
61351
61183
61404
60462
60749
61463
60863
61481
61349
60950
61044
60710
6050
60769
60580
60802
61149
61485
61420
60636
61191
61103
60931
60894
60680
60853
60783
60929
60567
61088
61166
61612
61345
37087
61523
46731
60810
61657
60708
61058
61162
61659
44927
60544
61119
61333
60748
60469
60527
60822
60709
61469
7175
60423
61252
60520
61588
60757
60497
60905
61526
54450
61617
61319
60714
61530
2783
61564
61691
61649
60878
60466
60659
61231
60993
60448
61453
50242
60896
59356
60939
54619
60971
37851
60763
60803
61687
42743
61563
60582
61500
